input/I57/I57_050yr24ha.asc
ncols        301
nrows        195
xllcorner    -92.313182000000
yllcorner    35.829066000000
cellsize     0.008333000000
NODATA_value -9
[rows 0 to 37 of 195, columns 168 to 251 of 301]
6876 6882 6888 6893 6898 6902 6906 6910 6914 6917 6920 6922 6925 6927 6930 6932 6934 6937 6936 6938 6940 6942 6945 6948 6950 6953 6951 6954 6957 6960 6963 6966 6969 6972 6974 6977 6980 6982 6985 6988 6991 6994 6998 7010 7015 7020 7032 7038 7045 7051 7063 7070 7076 7083 7089 7099 7105 7112 7117 7123 7129 7134 7139 7144 7149 7154 7158 7162 7166 7172 7176 7180 7183 7187 7191 7194 7198 7201 7204 7206 7209 7211 7212 7214
6884 6890 6895 6900 6905 6909 6914 6917 6921 6924 6927 6929 6932 6934 6936 6939 6941 6943 6946 6944 6947 6949 6952 6954 6957 6960 6963 6961 6964 6968 6971 6974 6977 6980 6983 6986 6989 6992 6994 6997 7001 7005 7016 7021 7026 7031 7044 7050 7056 7068 7075 7081 7088 7094 7101 7111 7117 7123 7129 7135 7141 7146 7151 7156 7161 7166 7170 7174 7180 7184 7188 7192 7196 7200 7203 7207 7210 7213 7216 7219 7221 7223 7225 7226
6892 6897 6903 6908 6913 6918 6922 6925 6928 6931 6934 6936 6939 6941 6943 6945 6948 6950 6953 6955 6954 6956 6959 6962 6965 6968 6971 6975 6972 6976 6979 6983 6986 6989 6992 6996 6999 7002 7005 7008 7012 7023 7027 7032 7037 7043 7055 7061 7068 7080 7086 7093 7100 7106 7113 7123 7129 7135 7141 7147 7153 7158 7163 7168 7173 7178 7182 7187 7193 7197 7201 7205 7208 7212 7216 7219 7222 7226 7228 7231 7233 7236 7237 7239
6899 6905 6911 6916 6921 6925 6929 6933 6936 6939 6942 6945 6946 6948 6950 6953 6955 6957 6960 6962 6965 6968 6966 6969 6972 6976 6979 6983 6987 6984 6988 6992 6995 6999 7002 7006 7009 7012 7016 7019 7023 7035 7039 7044 7049 7062 7068 7074 7080 7092 7099 7106 7112 7119 7129 7136 7142 7148 7154 7160 7165 7171 7176 7181 7186 7190 7195 7199 7205 7209 7213 7217 7221 7225 7228 7232 7235 7238 7241 7244 7246 7248 7250 7251
6907 6913 6918 6924 6928 6933 6937 6940 6944 6947 6949 6952 6955 6957 6958 6960 6962 6965 6967 6970 6973 6976 6979 6977 6981 6984 6988 6992 6996 7000 6997 7001 7005 7009 7013 7016 7020 7023 7027 7031 7043 7047 7052 7057 7062 7075 7081 7087 7094 7105 7112 7119 7125 7132 7142 7148 7155 7161 7167 7173 7178 7184 7189 7194 7199 7203 7208 7212 7218 7222 7226 7230 7234 7237 7241 7244 7248 7251 7254 7256 7259 7261 7263 7264
6915 6921 6926 6931 6936 6940 6944 6948 6951 6954 6957 6959 6962 6964 6967 6970 6970 6972 6975 6977 6980 6983 6987 6990 6989 6993 6997 7001 7005 7009 7013 7011 7015 7019 7023 7027 7031 7035 7039 7051 7055 7060 7065 7070 7076 7088 7094 7101 7112 7119 7125 7132 7139 7146 7155 7162 7168 7174 7180 7186 7191 7197 7202 7207 7212 7216 7221 7225 7231 7235 7239 7243 7246 7250 7254 7257 7260 7263 7266 7269 7271 7274 7276 7277
6922 6928 6934 6939 6943 6948 6951 6955 6958 6961 6964 6966 6969 6972 6974 6977 6980 6980 6982 6985 6988 6991 6995 6999 6997 7001 7005 7010 7014 7019 7023 7028 7026 7030 7034 7038 7042 7054 7058 7063 7068 7073 7078 7084 7090 7102 7108 7115 7126 7132 7139 7146 7153 7159 7166 7175 7181 7187 7193 7199 7205 7210 7215 7220 7225 7230 7234 7238 7244 7248 7252 7256 7259 7263 7267 7270 7273 7276 7279 7282 7284 7287 7289 7290
6930 6935 6941 6946 6950 6955 6959 6962 6965 6968 6971 6974 6976 6979 6982 6984 6987 6987 6990 6993 6996 7000 7003 7007 7011 7010 7015 7019 7024 7028 7033 7038 7043 7047 7045 7050 7061 7066 7071 7076 7081 7086 7092 7098 7110 7116 7122 7129 7140 7146 7153 7160 7167 7173 7180 7188 7195 7201 7207 7213 7218 7223 7229 7234 7238 7243 7247 7252 7256 7261 7265 7269 7272 7276 7280 7283 7286 7289 7292 7295 7297 7300 7302 7304
6937 6942 6948 6953 6957 6962 6966 6969 6972 6975 6978 6981 6983 6986 6989 6992 6995 6998 6998 7001 7004 7008 7011 7015 7020 7019 7024 7029 7033 7038 7043 7048 7053 7058 7057 7062 7074 7079 7084 7089 7094 7100 7106 7112 7124 7130 7137 7143 7154 7161 7167 7174 7181 7188 7194 7202 7208 7215 7220 7226 7232 7237 7242 7247 7252 7256 7261 7265 7269 7274 7278 7282 7286 7289 7293 7296 7299 7302 7305 7308 7310 7312 7314 7316
6944 6949 6954 6959 6964 6968 6972 6976 6979 6982 6985 6988 6990 6993 6996 6999 7002 7005 7006 7009 7012 7016 7020 7024 7029 7029 7034 7038 7043 7049 7054 7059 7065 7070 7069 7074 7086 7091 7097 7102 7108 7114 7120 7126 7138 7144 7151 7158 7168 7175 7182 7188 7195 7202 7208 7215 7221 7228 7234 7240 7245 7251 7256 7261 7266 7270 7274 7279 7283 7287 7291 7295 7299 7302 7306 7309 7312 7315 7318 7321 7323 7326 7328 7330
6950 6956 6961 6966 6971 6975 6979 6982 6986 6989 6992 6995 6997 7000 7003 7006 7009 7013 7016 7017 7021 7025 7029 7033 7038 7043 7043 7048 7054 7059 7065 7070 7076 7081 7087 7093 7098 7104 7110 7116 7122 7128 7134 7141 7152 7159 7166 7173 7182 7189 7196 7203 7209 7216 7223 7229 7236 7242 7248 7254 7259 7265 7270 7275 7279 7284 7288 7292 7296 7300 7305 7308 7312 7315 7319 7322 7325 7328 7331 7334 7337 7339 7341 7343
6956 6961 6967 6972 6977 6981 6985 6989 6992 6996 6999 7001 7004 7007 7010 7014 7017 7021 7024 7028 7029 7033 7038 7042 7047 7052 7057 7063 7064 7070 7076 7082 7088 7093 7099 7105 7111 7117 7123 7130 7136 7142 7154 7160 7167 7174 7180 7188 7197 7203 7210 7217 7224 7230 7237 7244 7250 7256 7262 7267 7273 7278 7283 7288 7293 7297 7302 7306 7310 7314 7318 7322 7325 7329 7332 7335 7339 7342 7344 7347 7350 7352 7355 7357
6962 6968 6973 6978 6983 6987 6991 6995 6999 7002 7005 7009 7012 7015 7019 7021 7025 7028 7032 7036 7040 7045 7049 7054 7056 7062 7067 7073 7079 7085 7091 7097 7099 7106 7112 7118 7124 7136 7142 7148 7155 7161 7168 7174 7181 7188 7197 7204 7211 7218 7224 7231 7238 7245 7251 7258 7264 7270 7275 7281 7286 7292 7297 7302 7306 7311 7315 7319 7323 7327 7331 7335 7338 7342 7345 7349 7352 7355 7358 7360 7363 7366 7368 7370
6968 6974 6979 6984 6989 6993 6997 7001 7005 7009 7012 7016 7019 7022 7026 7030 7034 7038 7040 7044 7049 7053 7058 7064 7069 7075 7078 7083 7090 7096 7102 7109 7115 7122 7129 7135 7142 7148 7155 7162 7168 7175 7182 7189 7196 7204 7211 7218 7225 7232 7239 7245 7252 7259 7265 7272 7278 7283 7289 7294 7300 7305 7310 7315 7320 7324 7329 7333 7337 7341 7344 7348 7351 7355 7358 7362 7365 7368 7371 7374 7376 7379 7381 7384
6974 6980 6985 6990 6995 7000 7004 7008 7012 7015 7019 7023 7026 7030 7033 7037 7041 7046 7050 7055 7058 7062 7067 7073 7078 7084 7090 7097 7100 7107 7114 7120 7127 7134 7141 7148 7155 7162 7168 7175 7182 7189 7196 7205 7211 7218 7225 7232 7239 7246 7253 7259 7266 7273 7279 7284 7290 7296 7302 7308 7313 7318 7324 7328 7333 7338 7342 7346 7350 7354 7358 7361 7364 7368 7371 7375 7378 7381 7384 7387 7390 7392 7395 7397
6980 6986 6991 6996 7001 7006 7010 7014 7018 7022 7026 7030 7033 7037 7041 7045 7049 7054 7058 7063 7068 7073 7077 7082 7088 7094 7100 7107 7114 7120 7127 7132 7139 7146 7153 7160 7168 7177 7184 7191 7198 7205 7211 7218 7225 7232 7239 7246 7253 7260 7265 7272 7280 7287 7291 7297 7304 7310 7315 7321 7326 7332 7337 7342 7346 7351 7355 7359 7363 7367 7371 7374 7377 7381 7384 7388 7391 7394 7397 7400 7403 7405 7408 7410
6987 6992 6998 7003 7008 7012 7017 7021 7025 7029 7033 7037 7041 7045 7049 7053 7058 7062 7067 7072 7077 7082 7088 7094 7100 7104 7111 7117 7124 7131 7138 7146 7153 7160 7168 7175 7183 7190 7197 7204 7211 7218 7225 7232 7239 7246 7253 7259 7266 7272 7279 7285 7292 7298 7304 7311 7317 7323 7328 7334 7339 7345 7350 7355 7359 7364 7368 7372 7376 7380 7383 7387 7390 7394 7397 7401 7404 7407 7410 7413 7416 7418 7421 7424
6993 6999 7004 7009 7014 7019 7023 7027 7032 7036 7040 7044 7048 7053 7057 7062 7066 7071 7076 7081 7086 7091 7097 7103 7109 7116 7122 7129 7135 7142 7150 7157 7165 7172 7180 7187 7195 7202 7210 7217 7224 7231 7238 7245 7252 7259 7265 7272 7278 7285 7292 7298 7305 7311 7317 7324 7330 7336 7341 7347 7352 7357 7362 7367 7372 7376 7381 7385 7389 7391 7395 7399 7403 7406 7410 7413 7416 7420 7423 7426 7429 7431 7434 7437
7000 7005 7011 7015 7020 7025 7030 7035 7039 7043 7048 7052 7056 7061 7065 7070 7075 7080 7085 7090 7095 7101 7107 7113 7119 7126 7133 7140 7147 7154 7162 7169 7177 7185 7193 7200 7208 7215 7223 7230 7237 7244 7251 7258 7264 7271 7278 7285 7291 7298 7305 7311 7318 7324 7330 7336 7343 7348 7354 7360 7365 7370 7375 7380 7385 7389 7393 7398 7400 7404 7408 7412 7415 7419 7422 7426 7429 7432 7435 7438 7441 7444 7447 7449
7006 7011 7017 7022 7027 7032 7037 7042 7047 7051 7056 7060 7064 7069 7074 7078 7084 7089 7094 7100 7105 7111 7117 7123 7129 7136 7143 7150 7158 7165 7173 7181 7188 7196 7204 7212 7220 7227 7235 7242 7249 7256 7263 7270 7277 7284 7291 7298 7304 7311 7318 7324 7331 7337 7343 7349 7355 7361 7367 7372 7378 7383 7388 7393 7397 7399 7404 7408 7412 7416 7420 7424 7428 7431 7435 7438 7441 7444 7447 7450 7453 7456 7459 7462
7013 7019 7024 7030 7035 7040 7045 7050 7055 7059 7064 7068 7073 7077 7082 7087 7093 7098 7103 7109 7115 7121 7127 7134 7140 7147 7154 7161 7169 7176 7184 7192 7200 7208 7216 7224 7232 7240 7247 7255 7262 7269 7276 7283 7290 7297 7304 7311 7317 7324 7330 7337 7343 7350 7356 7362 7368 7374 7379 7385 7390 7392 7397 7402 7407 7411 7416 7420 7424 7428 7432 7436 7440 7443 7447 7450 7453 7456 7460 7463 7466 7468 7471 7474
7021 7027 7032 7038 7043 7048 7053 7058 7063 7068 7072 7077 7082 7086 7091 7096 7102 7107 7113 7119 7125 7131 7137 7144 7151 7158 7165 7172 7180 7188 7196 7204 7212 7220 7228 7236 7244 7252 7260 7267 7275 7282 7289 7296 7303 7310 7317 7323 7330 7337 7339 7346 7356 7363 7369 7375 7376 7382 7388 7393 7399 7404 7409 7414 7419 7423 7428 7432 7436 7440 7444 7448 7452 7455 7459 7462 7465 7468 7471 7474 7477 7480 7483 7486
7029 7035 7041 7046 7051 7057 7062 7067 7071 7076 7081 7086 7091 7096 7101 7106 7111 7117 7123 7129 7135 7141 7148 7154 7161 7169 7176 7183 7191 7199 7207 7215 7223 7231 7239 7247 7255 7263 7270 7278 7285 7292 7299 7306 7312 7319 7326 7332 7339 7345 7352 7358 7364 7371 7377 7383 7389 7394 7400 7405 7411 7416 7421 7426 7431 7435 7440 7444 7448 7452 7456 7460 7463 7467 7470 7474 7477 7480 7483 7486 7489 7492 7495 7498
7038 7044 7049 7055 7060 7065 7070 7075 7080 7085 7090 7095 7100 7105 7110 7116 7121 7127 7133 7139 7145 7152 7158 7165 7172 7179 7187 7195 7202 7210 7218 7226 7235 7243 7251 7259 7267 7275 7282 7290 7297 7304 7311 7318 7325 7332 7338 7345 7351 7358 7364 7371 7377 7383 7389 7395 7401 7407 7412 7418 7423 7428 7433 7438 7443 7447 7452 7456 7460 7464 7468 7471 7475 7479 7482 7485 7488 7491 7495 7498 7500 7503 7506 7509
7047 7053 7058 7064 7069 7074 7079 7085 7090 7094 7099 7104 7109 7115 7120 7125 7131 7137 7143 7149 7156 7162 7169 7176 7183 7191 7198 7206 7214 7222 7230 7238 7246 7255 7263 7271 7279 7287 7295 7302 7309 7317 7324 7331 7337 7344 7351 7357 7364 7370 7377 7383 7389 7395 7401 7407 7413 7419 7424 7430 7435 7440 7441 7446 7451 7455 7460 7464 7469 7473 7477 7481 7485 7488 7492 7495 7499 7503 7506 7509 7512 7515 7518 7520
7056 7062 7067 7073 7078 7084 7089 7094 7099 7104 7109 7114 7119 7124 7130 7136 7141 7147 7154 7160 7166 7173 7180 7187 7194 7202 7209 7217 7225 7233 7242 7250 7258 7267 7275 7283 7291 7299 7307 7314 7322 7329 7336 7343 7350 7357 7363 7370 7376 7383 7389 7395 7402 7408 7414 7420 7425 7431 7431 7437 7442 7447 7452 7457 7462 7467 7471 7476 7480 7484 7488 7492 7496 7500 7503 7506 7510 7513 7516 7519 7522 7525 7529 7532
7066 7071 7077 7083 7088 7093 7098 7104 7109 7114 7119 7124 7129 7134 7140 7146 7152 7158 7164 7170 7177 7184 7191 7198 7205 7213 7221 7229 7237 7245 7253 7262 7270 7279 7287 7295 7303 7311 7319 7327 7334 7341 7348 7355 7362 7369 7376 7382 7389 7395 7401 7408 7414 7420 7426 7426 7432 7437 7443 7448 7454 7459 7464 7469 7474 7478 7483 7487 7492 7496 7500 7504 7507 7511 7514 7518 7521 7524 7527 7530 7533 7536 7539 7542
7076 7081 7087 7092 7098 7103 7108 7113 7119 7124 7129 7134 7139 7145 7150 7156 7162 7168 7175 7181 7188 7194 7202 7209 7216 7224 7232 7240 7248 7256 7265 7273 7282 7290 7299 7307 7315 7323 7331 7339 7346 7354 7361 7368 7375 7381 7388 7395 7401 7407 7414 7420 7420 7426 7432 7438 7444 7449 7455 7460 7465 7471 7476 7480 7485 7490 7494 7499 7503 7507 7511 7515 7518 7522 7525 7529 7532 7535 7538 7541 7544 7547 7549 7552
7086 7092 7097 7103 7108 7113 7118 7123 7129 7134 7139 7144 7149 7155 7160 7166 7172 7179 7185 7192 7198 7205 7212 7220 7227 7235 7243 7251 7259 7268 7276 7285 7294 7302 7311 7319 7327 7335 7343 7351 7358 7366 7373 7380 7387 7394 7400 7407 7413 7413 7420 7426 7432 7438 7444 7449 7455 7461 7466 7472 7477 7482 7487 7492 7497 7501 7506 7510 7514 7518 7522 7526 7530 7533 7536 7540 7543 7546 7549 7552 7555 7557 7560 7563
7096 7102 7108 7113 7118 7123 7129 7134 7139 7144 7149 7154 7160 7165 7171 7177 7183 7189 7195 7202 7209 7216 7223 7230 7238 7246 7254 7262 7271 7279 7288 7296 7305 7314 7322 7331 7339 7347 7355 7358 7365 7378 7385 7392 7399 7400 7406 7413 7419 7425 7431 7437 7443 7449 7455 7461 7467 7472 7478 7483 7488 7493 7498 7503 7508 7513 7517 7521 7525 7529 7533 7537 7541 7544 7547 7550 7554 7557 7559 7562 7565 7568 7570 7573
7107 7113 7118 7123 7129 7134 7139 7144 7149 7154 7159 7164 7170 7175 7181 7187 7193 7199 7206 7212 7219 7226 7233 7241 7249 7256 7265 7273 7281 7290 7299 7307 7314 7322 7330 7338 7346 7354 7362 7370 7377 7384 7391 7398 7405 7411 7418 7424 7431 7437 7443 7449 7455 7461 7467 7473 7478 7484 7489 7494 7500 7505 7510 7514 7519 7524 7528 7532 7537 7540 7544 7548 7551 7555 7558 7561 7564 7567 7570 7573 7576 7578 7581 7583
7118 7124 7129 7134 7139 7144 7149 7154 7159 7164 7170 7175 7180 7185 7191 7197 7203 7209 7216 7222 7229 7236 7244 7251 7259 7267 7275 7284 7292 7301 7309 7316 7325 7333 7341 7350 7358 7366 7373 7381 7388 7395 7402 7409 7416 7423 7429 7436 7442 7448 7454 7460 7466 7472 7478 7484 7489 7495 7500 7506 7511 7516 7521 7526 7530 7535 7539 7543 7547 7551 7555 7559 7562 7566 7569 7572 7575 7578 7581 7583 7586 7589 7591 7593
7129 7134 7140 7145 7150 7155 7160 7165 7170 7175 7180 7185 7190 7195 7201 7207 7213 7220 7226 7232 7239 7246 7254 7261 7269 7277 7285 7293 7301 7310 7318 7327 7335 7344 7352 7360 7369 7376 7384 7392 7399 7407 7414 7420 7427 7434 7440 7447 7453 7459 7466 7472 7478 7483 7489 7495 7501 7506 7511 7517 7522 7527 7532 7536 7541 7546 7550 7554 7558 7562 7566 7570 7573 7576 7579 7582 7585 7588 7591 7594 7596 7599 7601 7603
7140 7145 7151 7156 7161 7166 7171 7175 7180 7185 7190 7195 7200 7206 7212 7217 7223 7230 7236 7243 7250 7257 7264 7271 7279 7287 7295 7303 7312 7320 7329 7337 7346 7354 7363 7371 7379 7387 7395 7403 7410 7417 7424 7431 7438 7445 7451 7458 7464 7470 7477 7483 7489 7494 7500 7506 7511 7517 7522 7528 7533 7538 7542 7547 7552 7556 7561 7565 7569 7573 7576 7580 7583 7587 7590 7593 7596 7598 7601 7604 7606 7609 7611 7613
7151 7156 7161 7166 7171 7176 7181 7186 7191 7195 7200 7205 7211 7216 7222 7227 7233 7239 7246 7253 7259 7266 7274 7281 7289 7297 7305 7313 7322 7330 7339 7347 7356 7365 7373 7381 7390 7398 7405 7413 7421 7428 7435 7442 7449 7456 7462 7469 7475 7481 7487 7493 7499 7505 7511 7517 7522 7528 7533 7538 7543 7548 7553 7558 7562 7567 7571 7575 7579 7583 7587 7590 7594 7597 7600 7603 7606 7608 7611 7614 7616 7618 7621 7623
7162 7167 7172 7177 7182 7187 7191 7196 7201 7206 7211 7216 7221 7226 7231 7237 7243 7249 7255 7262 7269 7276 7283 7291 7298 7306 7315 7323 7331 7340 7349 7357 7366 7375 7383 7391 7400 7408 7416 7423 7431 7438 7445 7452 7459 7466 7473 7479 7485 7492 7498 7504 7510 7516 7521 7527 7533 7538 7543 7549 7554 7559 7563 7568 7573 7577 7581 7585 7589 7593 7597 7600 7604 7607 7610 7613 7616 7618 7621 7623 7626 7628 7630 7632
7173 7178 7183 7187 7192 7197 7201 7206 7211 7216 7221 7225 7230 7236 7241 7246 7252 7258 7265 7271 7278 7285 7293 7300 7308 7316 7324 7332 7341 7349 7358 7367 7376 7384 7393 7401 7410 7418 7426 7433 7441 7448 7456 7463 7469 7476 7483 7489 7496 7502 7508 7514 7520 7526 7532 7537 7543 7548 7554 7559 7564 7569 7574 7578 7583 7587 7591 7595 7599 7603 7607 7610 7613 7616 7619 7622 7625 7628 7630 7633 7635 7637 7639 7641
7183 7188 7193 7198 7202 7207 7212 7216 7221 7225 7230 7235 7240 7245 7250 7256 7261 7268 7274 7281 7287 7294 7302 7309 7317 7325 7333 7342 7350 7359 7368 7376 7385 7394 7402 7411 7419 7427 7435 7443 7451 7458 7465 7472 7479 7486 7493 7499 7506 7512 7518 7524 7530 7536 7542 7547 7553 7558 7564 7569 7574 7579 7583 7588 7593 7597 7601 7605 7609 7613 7616 7620 7623 7626 7629 7632 7634 7637 7639 7642 7644 7646 7648 7650
