input/I57/I57_002yr24ha.asc
ncols        301
nrows        195
xllcorner    -92.313182000000
yllcorner    35.829066000000
cellsize     0.008333000000
NODATA_value -9
[rows 114 to 151 of 195, columns 168 to 251 of 301]
3802 3803 3803 3803 3804 3804 3804 3805 3805 3805 3806 3806 3806 3806 3806 3807 3807 3807 3807 3807 3806 3806 3806 3806 3806 3806 3806 3806 3806 3805 3805 3805 3805 3804 3804 3803 3803 3803 3802 3802 3801 3801 3801 3800 3800 3799 3799 3798 3798 3797 3797 3797 3796 3796 3796 3796 3796 3796 3796 3796 3796 3797 3797 3798 3799 3800 3801 3802 3803 3804 3806 3807 3808 3809 3811 3812 3813 3814 3815 3817 3818 3819 3820 3820
3803 3803 3803 3804 3804 3804 3805 3805 3805 3806 3806 3806 3806 3807 3807 3807 3807 3807 3808 3807 3807 3807 3807 3807 3807 3807 3807 3807 3807 3807 3806 3806 3806 3806 3805 3805 3805 3804 3804 3804 3803 3803 3802 3802 3802 3801 3801 3800 3800 3799 3799 3799 3798 3798 3798 3798 3798 3798 3798 3798 3799 3799 3800 3800 3801 3802 3803 3804 3806 3807 3808 3809 3811 3812 3813 3815 3816 3817 3818 3819 3820 3821 3822 3823
3803 3803 3804 3804 3804 3805 3805 3805 3805 3806 3806 3806 3807 3807 3807 3807 3808 3808 3808 3808 3808 3808 3808 3808 3808 3808 3808 3808 3808 3808 3808 3807 3807 3807 3807 3806 3806 3806 3806 3805 3805 3805 3804 3804 3803 3803 3803 3802 3802 3801 3801 3801 3800 3800 3800 3800 3800 3800 3800 3801 3801 3801 3802 3803 3804 3805 3806 3807 3808 3809 3811 3812 3813 3815 3816 3817 3819 3820 3821 3822 3823 3824 3826 3826
3803 3803 3804 3804 3804 3805 3805 3805 3806 3806 3806 3807 3807 3807 3808 3808 3808 3808 3808 3808 3809 3809 3809 3809 3809 3809 3809 3809 3809 3809 3809 3809 3808 3808 3808 3808 3808 3807 3807 3807 3807 3806 3806 3806 3805 3805 3805 3804 3804 3804 3803 3803 3803 3802 3802 3802 3802 3802 3803 3803 3803 3804 3804 3805 3806 3807 3808 3809 3811 3812 3813 3815 3816 3818 3819 3820 3822 3823 3824 3825 3827 3828 3829 3830
3803 3803 3804 3804 3804 3805 3805 3805 3806 3806 3806 3807 3807 3807 3808 3808 3808 3808 3809 3809 3809 3809 3810 3810 3810 3810 3810 3810 3810 3810 3810 3810 3810 3810 3809 3809 3809 3809 3809 3809 3808 3808 3808 3807 3807 3807 3807 3806 3806 3806 3805 3805 3805 3805 3805 3805 3805 3805 3805 3805 3806 3806 3807 3808 3809 3810 3811 3812 3813 3815 3816 3818 3819 3821 3822 3824 3825 3826 3828 3829 3830 3831 3832 3833
3803 3803 3804 3804 3804 3805 3805 3805 3806 3806 3807 3807 3807 3808 3808 3808 3808 3809 3809 3809 3810 3810 3810 3810 3811 3811 3811 3811 3811 3811 3811 3811 3811 3811 3811 3811 3811 3810 3810 3810 3810 3810 3810 3809 3809 3809 3809 3808 3808 3808 3807 3807 3807 3807 3807 3807 3807 3807 3807 3808 3808 3809 3810 3811 3811 3813 3814 3815 3816 3818 3819 3821 3822 3824 3825 3827 3828 3830 3831 3832 3834 3835 3836 3837
3803 3803 3804 3804 3804 3805 3805 3805 3806 3806 3807 3807 3807 3808 3808 3809 3809 3809 3810 3810 3810 3811 3811 3811 3811 3812 3812 3812 3812 3812 3812 3812 3812 3812 3812 3812 3812 3812 3812 3812 3812 3811 3811 3811 3811 3811 3811 3810 3810 3810 3810 3809 3809 3809 3809 3809 3809 3810 3810 3810 3811 3812 3812 3813 3814 3815 3817 3818 3819 3821 3822 3824 3826 3827 3829 3830 3832 3833 3835 3836 3838 3839 3840 3841
3803 3803 3804 3804 3804 3805 3805 3805 3806 3806 3807 3807 3808 3808 3808 3809 3809 3810 3810 3811 3811 3811 3812 3812 3812 3813 3813 3813 3813 3813 3813 3813 3813 3813 3813 3813 3813 3813 3813 3813 3813 3813 3813 3813 3813 3813 3812 3812 3812 3812 3812 3812 3812 3812 3812 3812 3812 3812 3813 3813 3814 3814 3815 3816 3817 3818 3820 3821 3823 3824 3826 3827 3829 3831 3832 3834 3836 3837 3839 3840 3842 3843 3844 3846
3803 3803 3804 3804 3804 3805 3805 3805 3806 3806 3807 3807 3808 3808 3809 3809 3810 3810 3811 3811 3812 3812 3812 3813 3813 3813 3814 3814 3814 3814 3814 3815 3815 3815 3815 3815 3815 3815 3815 3815 3815 3815 3815 3815 3815 3815 3814 3814 3814 3814 3814 3814 3814 3814 3814 3814 3814 3815 3815 3816 3816 3817 3818 3819 3820 3822 3823 3824 3826 3828 3829 3831 3833 3834 3836 3838 3840 3841 3843 3844 3846 3847 3849 3850
3803 3803 3804 3804 3804 3805 3805 3806 3806 3806 3807 3808 3808 3809 3809 3810 3810 3811 3811 3812 3812 3813 3813 3814 3814 3814 3815 3815 3815 3815 3816 3816 3816 3816 3816 3816 3816 3816 3817 3817 3817 3817 3817 3817 3817 3817 3816 3816 3816 3816 3816 3816 3816 3816 3817 3817 3817 3817 3818 3819 3819 3820 3821 3822 3824 3825 3826 3828 3829 3831 3833 3835 3836 3838 3840 3842 3844 3845 3847 3849 3850 3852 3853 3854
3803 3803 3804 3804 3804 3805 3805 3806 3806 3807 3808 3808 3809 3809 3810 3810 3811 3811 3812 3812 3813 3813 3814 3814 3815 3815 3816 3816 3816 3816 3817 3817 3817 3817 3818 3818 3818 3818 3818 3818 3818 3818 3818 3818 3819 3819 3819 3819 3819 3819 3819 3819 3819 3819 3819 3819 3820 3820 3821 3822 3822 3823 3824 3825 3827 3828 3830 3831 3833 3835 3837 3838 3840 3842 3844 3846 3848 3849 3851 3853 3854 3856 3857 3859
3803 3803 3804 3804 3805 3805 3805 3806 3807 3807 3808 3808 3809 3810 3810 3811 3811 3812 3813 3813 3814 3814 3815 3815 3816 3816 3817 3817 3817 3818 3818 3818 3818 3819 3819 3819 3819 3820 3820 3820 3820 3820 3820 3820 3820 3821 3821 3821 3821 3821 3821 3821 3821 3821 3822 3822 3823 3823 3824 3825 3825 3826 3828 3829 3830 3832 3833 3835 3837 3838 3840 3842 3844 3846 3848 3850 3852 3854 3856 3857 3859 3861 3862 3864
3803 3804 3804 3804 3805 3805 3806 3807 3807 3808 3808 3809 3810 3810 3811 3811 3812 3813 3813 3814 3815 3815 3816 3816 3817 3817 3818 3818 3818 3819 3819 3820 3820 3820 3820 3821 3821 3821 3821 3822 3822 3822 3822 3822 3822 3823 3823 3823 3823 3823 3823 3823 3824 3824 3824 3825 3825 3826 3827 3828 3829 3830 3831 3832 3834 3835 3837 3838 3840 3842 3844 3846 3848 3850 3852 3854 3856 3858 3860 3862 3863 3865 3867 3868
3804 3804 3804 3805 3805 3806 3807 3807 3808 3808 3809 3809 3810 3811 3811 3812 3813 3813 3814 3815 3815 3816 3817 3817 3818 3818 3819 3819 3820 3820 3820 3821 3821 3822 3822 3822 3822 3823 3823 3823 3824 3824 3824 3824 3824 3825 3825 3825 3825 3825 3826 3826 3826 3827 3827 3828 3828 3829 3830 3831 3832 3833 3834 3836 3837 3839 3840 3842 3844 3846 3848 3850 3852 3854 3856 3858 3860 3862 3864 3866 3868 3870 3871 3873
3804 3804 3805 3805 3807 3807 3807 3808 3808 3809 3809 3810 3811 3811 3812 3813 3813 3814 3815 3816 3816 3817 3818 3818 3819 3819 3820 3820 3821 3821 3822 3822 3823 3823 3823 3824 3824 3824 3825 3825 3825 3826 3826 3826 3827 3827 3827 3827 3828 3828 3828 3829 3829 3829 3830 3830 3831 3832 3833 3834 3835 3836 3838 3839 3841 3842 3844 3846 3848 3850 3852 3854 3856 3858 3861 3863 3865 3867 3869 3871 3872 3874 3876 3877
3805 3805 3805 3807 3807 3808 3808 3808 3809 3810 3810 3811 3811 3812 3813 3814 3814 3815 3816 3816 3817 3818 3819 3819 3820 3820 3821 3822 3822 3823 3823 3824 3824 3824 3825 3825 3826 3826 3826 3827 3827 3828 3828 3828 3829 3829 3829 3830 3830 3830 3831 3831 3832 3832 3833 3833 3834 3835 3836 3837 3838 3840 3841 3842 3844 3846 3848 3850 3852 3854 3856 3858 3860 3862 3865 3867 3869 3871 3873 3875 3877 3879 3880 3882
3805 3805 3807 3807 3808 3808 3809 3809 3810 3810 3811 3812 3812 3813 3814 3814 3815 3816 3817 3817 3818 3819 3820 3820 3821 3822 3822 3823 3823 3824 3825 3825 3826 3826 3826 3827 3827 3828 3828 3829 3829 3830 3830 3830 3831 3831 3831 3832 3832 3833 3833 3834 3834 3835 3836 3836 3837 3838 3839 3840 3842 3843 3844 3846 3848 3850 3851 3853 3856 3858 3860 3862 3864 3867 3869 3871 3873 3875 3877 3879 3881 3883 3885 3886
3806 3807 3808 3808 3808 3809 3809 3810 3810 3811 3812 3812 3813 3814 3815 3815 3816 3817 3818 3819 3819 3820 3821 3822 3822 3823 3824 3824 3825 3825 3826 3827 3827 3828 3828 3829 3829 3830 3830 3831 3831 3831 3832 3832 3833 3833 3834 3834 3835 3835 3836 3836 3837 3838 3838 3839 3840 3841 3842 3843 3845 3846 3848 3849 3851 3853 3855 3857 3859 3862 3864 3866 3868 3871 3873 3875 3877 3879 3882 3884 3885 3887 3889 3891
3808 3808 3809 3809 3809 3810 3810 3811 3811 3812 3813 3813 3814 3815 3816 3816 3817 3818 3819 3820 3820 3821 3822 3823 3824 3824 3825 3826 3826 3827 3827 3828 3829 3829 3830 3830 3831 3831 3832 3832 3833 3833 3834 3834 3835 3836 3836 3837 3837 3838 3838 3839 3840 3840 3841 3842 3843 3844 3845 3847 3848 3850 3851 3853 3855 3857 3859 3861 3863 3865 3868 3870 3872 3875 3877 3879 3881 3884 3886 3888 3890 3892 3893 3895
3809 3809 3809 3810 3810 3811 3811 3812 3812 3813 3814 3814 3815 3816 3817 3817 3818 3819 3820 3821 3822 3822 3823 3824 3825 3826 3826 3827 3828 3828 3829 3830 3830 3831 3831 3832 3833 3833 3834 3834 3835 3835 3836 3837 3837 3838 3838 3839 3840 3840 3841 3842 3842 3843 3844 3845 3846 3847 3849 3850 3851 3853 3855 3856 3858 3860 3862 3865 3867 3869 3871 3874 3876 3878 3881 3883 3885 3888 3890 3892 3894 3896 3897 3899
3810 3810 3810 3811 3811 3812 3812 3813 3813 3814 3815 3815 3816 3817 3818 3819 3819 3820 3821 3822 3823 3824 3825 3825 3826 3827 3828 3828 3829 3830 3831 3831 3832 3833 3833 3834 3834 3835 3836 3836 3837 3838 3838 3839 3839 3840 3841 3841 3842 3843 3843 3844 3845 3846 3847 3848 3849 3850 3852 3853 3855 3856 3858 3860 3862 3864 3866 3868 3870 3873 3875 3877 3880 3882 3885 3887 3889 3891 3893 3896 3898 3899 3901 3903
3811 3811 3811 3812 3812 3813 3813 3814 3814 3815 3816 3816 3817 3818 3819 3820 3821 3822 3822 3823 3824 3825 3826 3827 3828 3828 3829 3830 3831 3832 3832 3833 3834 3834 3835 3836 3836 3837 3838 3838 3839 3840 3840 3841 3842 3842 3843 3844 3844 3845 3846 3847 3848 3849 3850 3851 3852 3853 3855 3856 3858 3859 3861 3863 3865 3867 3869 3872 3874 3876 3879 3881 3883 3886 3888 3890 3893 3895 3897 3899 3901 3903 3905 3907
3812 3812 3812 3813 3813 3814 3814 3815 3815 3816 3817 3818 3818 3819 3820 3821 3822 3823 3824 3825 3826 3826 3827 3828 3829 3830 3831 3832 3832 3833 3834 3835 3835 3836 3837 3837 3838 3839 3840 3840 3841 3842 3842 3843 3844 3845 3845 3846 3847 3848 3849 3849 3850 3851 3853 3854 3855 3856 3858 3859 3861 3863 3864 3866 3868 3870 3873 3875 3877 3880 3882 3884 3887 3889 3892 3894 3896 3898 3901 3903 3905 3907 3909 3910
3813 3813 3813 3814 3814 3815 3815 3816 3817 3817 3818 3819 3820 3820 3821 3822 3823 3824 3825 3826 3827 3828 3829 3830 3831 3832 3832 3833 3834 3835 3836 3836 3837 3838 3839 3839 3840 3841 3842 3842 3843 3844 3844 3845 3846 3847 3848 3848 3849 3850 3851 3852 3853 3854 3855 3856 3858 3859 3861 3862 3864 3866 3867 3869 3871 3874 3876 3878 3880 3883 3885 3888 3890 3892 3895 3897 3899 3902 3904 3906 3908 3910 3912 3914
3814 3814 3814 3815 3815 3816 3816 3817 3818 3818 3819 3820 3821 3822 3823 3824 3825 3826 3827 3827 3828 3829 3830 3831 3832 3833 3834 3835 3836 3837 3837 3838 3839 3840 3840 3841 3842 3843 3844 3844 3845 3846 3847 3847 3848 3849 3850 3851 3852 3853 3853 3854 3856 3857 3858 3859 3860 3862 3863 3865 3867 3868 3870 3872 3874 3877 3879 3881 3883 3886 3888 3891 3893 3895 3898 3900 3903 3905 3907 3909 3911 3913 3915 3917
3815 3815 3816 3816 3817 3817 3818 3818 3819 3820 3821 3821 3822 3823 3824 3825 3826 3827 3828 3829 3830 3831 3832 3833 3834 3835 3836 3837 3837 3838 3839 3840 3841 3842 3842 3843 3844 3845 3846 3846 3847 3848 3849 3850 3850 3851 3852 3853 3854 3855 3856 3857 3858 3859 3860 3862 3863 3865 3866 3868 3869 3871 3873 3875 3877 3879 3882 3884 3886 3889 3891 3893 3896 3898 3901 3903 3905 3908 3910 3912 3914 3916 3918 3919
3816 3817 3817 3817 3818 3818 3819 3820 3820 3821 3822 3823 3824 3825 3825 3826 3827 3828 3829 3830 3831 3833 3833 3834 3835 3836 3837 3838 3839 3840 3841 3842 3843 3843 3844 3845 3846 3847 3848 3848 3849 3850 3851 3852 3853 3853 3854 3855 3856 3857 3858 3859 3860 3862 3863 3864 3866 3867 3869 3870 3872 3874 3876 3878 3880 3882 3884 3887 3889 3891 3894 3896 3899 3901 3903 3906 3908 3910 3912 3915 3917 3918 3920 3922
3818 3818 3818 3819 3819 3820 3820 3821 3822 3823 3823 3824 3825 3826 3827 3828 3829 3830 3831 3832 3833 3834 3835 3836 3837 3838 3839 3840 3841 3842 3843 3844 3844 3845 3846 3847 3848 3849 3850 3850 3851 3852 3853 3854 3855 3856 3857 3858 3858 3860 3861 3862 3863 3864 3865 3867 3868 3870 3871 3873 3875 3876 3878 3880 3882 3885 3887 3889 3891 3894 3896 3899 3901 3903 3906 3908 3910 3913 3915 3917 3919 3921 3923 3924
3819 3819 3820 3820 3821 3821 3822 3823 3823 3824 3825 3826 3827 3827 3828 3829 3830 3831 3833 3834 3835 3836 3837 3838 3839 3840 3841 3842 3843 3844 3844 3845 3846 3847 3848 3849 3850 3851 3852 3852 3853 3854 3855 3856 3857 3858 3859 3860 3861 3862 3863 3864 3865 3866 3868 3869 3871 3872 3874 3875 3877 3879 3881 3883 3885 3887 3889 3891 3894 3896 3899 3901 3903 3906 3908 3910 3913 3915 3917 3919 3921 3923 3925 3926
3821 3821 3821 3822 3822 3823 3823 3824 3825 3826 3826 3827 3828 3829 3830 3831 3832 3833 3834 3835 3836 3837 3838 3839 3840 3841 3842 3843 3844 3845 3846 3847 3848 3849 3850 3851 3852 3853 3853 3854 3855 3856 3857 3858 3859 3860 3861 3862 3863 3864 3865 3866 3867 3869 3870 3871 3873 3874 3876 3878 3879 3881 3883 3885 3887 3889 3891 3894 3896 3898 3901 3903 3905 3908 3910 3912 3915 3917 3919 3921 3923 3925 3927 3928
3822 3823 3823 3823 3824 3824 3825 3826 3826 3827 3828 3829 3830 3831 3831 3832 3834 3835 3836 3837 3838 3839 3840 3841 3842 3843 3844 3845 3846 3847 3848 3849 3850 3851 3852 3853 3854 3855 3855 3856 3857 3858 3859 3860 3861 3862 3863 3864 3865 3866 3867 3868 3870 3871 3872 3874 3875 3877 3878 3880 3882 3883 3885 3887 3889 3891 3894 3896 3898 3900 3903 3905 3907 3910 3912 3914 3917 3919 3921 3923 3925 3927 3928 3930
3824 3824 3825 3825 3826 3826 3827 3827 3828 3829 3829 3830 3831 3832 3833 3834 3835 3836 3837 3838 3839 3841 3842 3843 3844 3845 3846 3847 3848 3849 3850 3851 3852 3853 3854 3855 3856 3856 3857 3858 3859 3860 3861 3862 3863 3864 3865 3866 3867 3868 3869 3870 3872 3873 3874 3876 3877 3879 3880 3882 3884 3885 3887 3889 3891 3893 3896 3898 3900 3902 3905 3907 3909 3911 3914 3916 3918 3920 3923 3925 3926 3928 3930 3932
3826 3826 3826 3827 3827 3828 3828 3829 3830 3830 3831 3832 3833 3834 3835 3836 3837 3838 3839 3840 3841 3842 3843 3844 3845 3846 3848 3849 3850 3851 3852 3853 3854 3855 3855 3856 3857 3858 3859 3860 3861 3862 3863 3864 3865 3866 3867 3868 3869 3870 3871 3873 3874 3875 3876 3878 3879 3881 3882 3884 3886 3887 3889 3891 3893 3895 3897 3900 3902 3904 3906 3909 3911 3913 3915 3918 3920 3922 3924 3926 3928 3930 3931 3933
3828 3828 3828 3829 3829 3830 3830 3831 3831 3832 3833 3834 3834 3835 3836 3837 3838 3839 3840 3841 3843 3844 3845 3846 3847 3848 3849 3850 3851 3852 3853 3854 3855 3856 3857 3858 3859 3860 3861 3862 3863 3864 3865 3866 3867 3868 3869 3870 3871 3872 3873 3874 3876 3877 3878 3880 3881 3883 3884 3886 3888 3889 3891 3893 3895 3897 3899 3901 3903 3906 3908 3910 3912 3915 3917 3919 3921 3923 3925 3927 3929 3931 3933 3934
3830 3830 3830 3831 3831 3831 3832 3832 3833 3834 3834 3835 3836 3837 3838 3839 3840 3841 3842 3843 3844 3845 3846 3847 3849 3850 3851 3852 3853 3854 3855 3856 3857 3858 3859 3860 3861 3862 3863 3864 3865 3866 3867 3868 3869 3870 3871 3872 3873 3874 3875 3876 3878 3879 3880 3882 3883 3885 3886 3888 3889 3891 3893 3895 3897 3899 3901 3903 3905 3907 3909 3912 3914 3916 3918 3921 3923 3925 3927 3929 3931 3932 3934 3935
3832 3832 3832 3833 3833 3833 3834 3834 3835 3835 3836 3837 3838 3839 3839 3840 3841 3842 3843 3845 3846 3847 3848 3849 3850 3851 3852 3853 3854 3855 3857 3858 3859 3859 3860 3861 3862 3863 3864 3865 3866 3867 3868 3869 3870 3871 3872 3873 3874 3876 3877 3878 3879 3881 3882 3883 3885 3886 3888 3889 3891 3893 3895 3896 3898 3900 3902 3904 3907 3909 3911 3913 3915 3918 3920 3922 3924 3926 3928 3930 3932 3933 3935 3936
3834 3834 3834 3835 3835 3835 3836 3836 3837 3837 3838 3839 3839 3840 3841 3842 3843 3844 3845 3846 3847 3848 3849 3850 3852 3853 3854 3855 3856 3857 3858 3859 3860 3861 3862 3863 3864 3865 3866 3867 3868 3869 3870 3871 3872 3873 3874 3875 3876 3877 3878 3880 3881 3882 3884 3885 3886 3888 3889 3891 3893 3894 3896 3898 3900 3902 3904 3906 3908 3910 3912 3914 3917 3919 3921 3923 3925 3927 3929 3931 3933 3934 3936 3937
3836 3836 3837 3837 3837 3837 3838 3838 3838 3839 3840 3840 3841 3842 3843 3844 3844 3845 3846 3848 3849 3850 3851 3852 3853 3854 3855 3856 3857 3858 3859 3860 3861 3862 3863 3864 3865 3866 3867 3868 3869 3870 3871 3872 3873 3874 3875 3876 3878 3879 3880 3881 3882 3884 3885 3886 3888 3889 3891 3892 3894 3896 3898 3899 3901 3903 3905 3907 3909 3911 3913 3916 3918 3920 3922 3924 3926 3928 3930 3932 3934 3935 3937 3938
