input/I57/I57_500yr24ha.asc
ncols        301
nrows        195
xllcorner    -92.313182000000
yllcorner    35.829066000000
cellsize     0.008333000000
NODATA_value -9
[rows 105 to 139 of 195, columns 0 to 78 of 301]
-9 9136 9145 9154 9164 9174 9184 9199 9210 9221 9233 9245 9258 9271 9281 9295 9309 9324 9339 9355 9371 9387 9404 9421 9438 9455 9473 9491 9509 9527 9545 9564 9582 9600 9618 9635 9652 9669 9686 9702 9717 9733 9747 9761 9775 9789 9801 9814 9826 9837 9848 9859 9869 9884 9893 9902 9910 9918 9925 9932 9938 9944 9950 9955 9960 9965 9969 9973 9977 9980 9983 9987 9990 9993 9996 9999 10002 10005 10008
-9 9161 9171 9180 9190 9200 9211 9222 9237 9248 9260 9273 9286 9299 9309 9323 9338 9353 9368 9384 9400 9417 9433 9450 9467 9485 9502 9520 9538 9556 9574 9592 9610 9628 9645 9663 9680 9696 9712 9728 9743 9758 9773 9786 9800 9813 9825 9837 9849 9860 9871 9886 9896 9905 9914 9922 9930 9938 9944 9951 9957 9963 9968 9973 9978 9982 9986 9990 9993 9996 10000 10003 10005 10008 10011 10014 10017 10020 10023
-9 9187 9197 9206 9217 9227 9238 9249 9264 9276 9288 9301 9314 9327 9338 9352 9367 9382 9398 9413 9429 9446 9463 9480 9497 9514 9532 9549 9567 9585 9603 9620 9638 9656 9673 9690 9706 9723 9739 9754 9769 9784 9798 9811 9824 9837 9849 9861 9872 9883 9898 9908 9917 9926 9935 9943 9950 9957 9964 9970 9976 9981 9986 9991 9995 9999 10003 10006 10010 10013 10013 10016 10021 10024 10026 10029 10032 10035 10038
-9 9213 9223 9233 9243 9254 9265 9276 9288 9303 9316 9328 9342 9352 9366 9381 9396 9411 9427 9442 9459 9475 9492 9509 9526 9543 9561 9578 9596 9613 9631 9649 9666 9684 9700 9717 9733 9749 9765 9780 9795 9809 9822 9836 9848 9861 9873 9884 9895 9910 9920 9929 9938 9947 9955 9963 9970 9976 9983 9988 9994 9999 10004 10008 10012 10016 10020 10023 10026 10027 10029 10031 10033 10039 10042 10044 10047 10050 10053
-9 9238 9249 9259 9270 9280 9292 9303 9318 9331 9343 9356 9370 9383 9395 9409 9424 9440 9455 9471 9488 9504 9521 9538 9555 9572 9589 9607 9624 9642 9659 9677 9694 9711 9727 9744 9760 9775 9791 9806 9820 9834 9847 9860 9872 9884 9896 9907 9917 9932 9942 9951 9959 9968 9975 9982 9989 9996 10002 10007 10012 10017 10021 10026 10029 10033 10036 10039 10042 10043 10045 10047 10049 10054 10057 10059 10062 10065 10068
-9 9264 9275 9285 9296 9307 9319 9330 9346 9358 9371 9384 9397 9411 9426 9438 9453 9469 9484 9500 9517 9533 9550 9567 9584 9601 9618 9635 9653 9670 9688 9705 9722 9738 9754 9770 9786 9802 9816 9831 9845 9858 9871 9884 9896 9908 9919 9929 9940 9949 9963 9972 9980 9988 9995 10002 10009 10015 10020 10026 10030 10035 10039 10043 10046 10050 10053 10056 10058 10058 10060 10062 10064 10070 10072 10074 10077 10080 10082
-9 9290 9301 9311 9323 9334 9346 9357 9373 9385 9398 9412 9425 9439 9454 9466 9482 9497 9513 9529 9545 9562 9578 9595 9612 9629 9647 9664 9681 9698 9716 9733 9750 9765 9781 9797 9812 9827 9842 9856 9870 9883 9896 9908 9920 9931 9942 9952 9962 9971 9980 9993 10001 10009 10016 10022 10028 10034 10039 10044 10049 10053 10057 10060 10063 10066 10069 10072 10074 10077 10076 10078 10079 10085 10087 10089 10092 10094 10097
-9 9316 9327 9338 9349 9361 9372 9387 9400 9413 9426 9439 9453 9467 9482 9497 9510 9526 9541 9558 9574 9590 9607 9624 9641 9658 9675 9692 9709 9726 9743 9760 9777 9792 9807 9823 9838 9853 9867 9881 9894 9907 9920 9932 9943 9954 9964 9974 9984 9993 10001 10009 10022 10029 10036 10042 10048 10053 10058 10063 10067 10071 10074 10078 10081 10083 10086 10088 10090 10092 10092 10093 10095 10100 10102 10104 10106 10109 10112
-9 9342 9353 9364 9376 9387 9402 9414 9427 9440 9453 9467 9481 9495 9509 9524 9538 9554 9570 9586 9602 9619 9635 9652 9669 9686 9703 9720 9737 9754 9771 9788 9804 9820 9834 9849 9864 9878 9892 9906 9919 9931 9943 9955 9966 9977 9987 9996 10005 10014 10022 10030 10043 10049 10056 10062 10067 10072 10077 10081 10085 10089 10092 10095 10098 10100 10102 10105 10107 10108 10110 10112 10114 10115 10117 10119 10121 10123 10126
-9 9368 9379 9390 9402 9416 9429 9441 9454 9467 9480 9494 9508 9522 9537 9552 9566 9582 9598 9614 9630 9647 9664 9680 9697 9714 9731 9748 9765 9782 9798 9815 9831 9847 9860 9875 9889 9903 9917 9930 9943 9955 9967 9978 9989 9999 10009 10018 10027 10035 10043 10051 10063 10070 10076 10081 10086 10091 10096 10100 10103 10106 10109 10112 10115 10117 10119 10121 10123 10124 10126 10127 10129 10130 10132 10134 10136 10138 10140
-9 9394 9405 9417 9431 9443 9455 9468 9481 9494 9508 9521 9536 9550 9565 9580 9595 9610 9626 9642 9659 9675 9692 9708 9725 9742 9759 9776 9792 9809 9826 9842 9858 9874 9886 9900 9914 9928 9942 9954 9967 9979 9990 10001 10011 10021 10031 10040 10048 10056 10064 10071 10078 10090 10096 10101 10106 10110 10114 10118 10121 10124 10127 10129 10132 10134 10136 10137 10139 10140 10141 10143 10144 10145 10147 10148 10150 10152 10155
-9 9420 9434 9445 9457 9470 9482 9495 9508 9521 9535 9549 9563 9577 9592 9607 9623 9638 9654 9670 9686 9703 9719 9736 9753 9770 9786 9803 9820 9836 9852 9869 9884 9900 9911 9925 9939 9953 9966 9978 9990 10002 10013 10024 10034 10043 10052 10061 10069 10077 10084 10091 10098 10110 10115 10120 10125 10129 10133 10136 10139 10142 10144 10147 10149 10150 10152 10153 10155 10156 10157 10158 10159 10160 10162 10163 10165 10167 10169
-9 9448 9460 9472 9484 9496 9509 9522 9535 9548 9562 9576 9590 9605 9620 9635 9650 9665 9681 9698 9714 9730 9747 9764 9780 9797 9814 9830 9847 9863 9879 9895 9910 9926 9936 9950 9964 9977 9990 10002 10014 10025 10036 10046 10056 10065 10074 10082 10090 10097 10105 10111 10117 10123 10135 10139 10144 10147 10151 10154 10157 10159 10162 10164 10165 10167 10168 10169 10170 10171 10172 10173 10174 10175 10176 10177 10179 10181 10183
-9 9474 9486 9498 9510 9523 9536 9549 9562 9575 9589 9603 9617 9632 9647 9662 9678 9693 9709 9725 9741 9758 9774 9791 9807 9824 9840 9857 9873 9889 9905 9921 9936 9947 9961 9975 9988 10001 10013 10025 10037 10047 10058 10068 10077 10086 10095 10103 10110 10118 10124 10131 10136 10142 10147 10158 10162 10166 10169 10172 10174 10177 10179 10180 10182 10183 10184 10185 10186 10187 10187 10188 10189 10189 10190 10192 10193 10194 10196
-9 9500 9512 9525 9537 9550 9562 9575 9589 9602 9616 9630 9644 9659 9674 9689 9705 9720 9736 9752 9768 9785 9801 9818 9834 9851 9867 9883 9899 9915 9931 9946 9961 9971 9985 9999 10012 10024 10036 10048 10059 10070 10080 10089 10099 10107 10115 10123 10130 10137 10144 10150 10155 10160 10165 10170 10180 10184 10187 10189 10191 10193 10195 10197 10198 10199 10200 10201 10201 10202 10202 10203 10203 10204 10204 10205 10207 10208 10210
-9 9526 9539 9551 9563 9576 9589 9602 9615 9629 9643 9657 9671 9686 9701 9716 9731 9747 9763 9779 9795 9812 9828 9844 9861 9877 9893 9909 9925 9941 9956 9972 9981 9995 10009 10022 10035 10047 10059 10070 10081 10091 10101 10111 10119 10128 10136 10143 10150 10157 10163 10169 10174 10179 10183 10187 10191 10201 10204 10206 10208 10210 10212 10213 10214 10215 10215 10216 10216 10216 10217 10217 10217 10218 10218 10219 10220 10221 10223
-9 9552 9565 9577 9590 9603 9616 9629 9642 9656 9669 9683 9698 9712 9727 9743 9758 9774 9790 9806 9822 9838 9854 9870 9887 9903 9919 9935 9951 9966 9981 9996 10006 10019 10033 10045 10058 10070 10081 10092 10103 10113 10122 10131 10140 10148 10156 10163 10169 10176 10181 10187 10192 10197 10201 10205 10208 10211 10221 10223 10225 10226 10228 10229 10229 10230 10230 10231 10231 10231 10231 10231 10231 10231 10232 10232 10233 10234 10236
-9 9579 9591 9604 9616 9629 9642 9655 9668 9682 9696 9710 9724 9739 9754 9769 9784 9800 9816 9832 9848 9864 9880 9896 9912 9929 9944 9960 9976 9991 10006 10015 10029 10043 10056 10068 10080 10092 10103 10114 10124 10134 10143 10152 10160 10168 10175 10182 10188 10194 10200 10205 10210 10214 10218 10222 10225 10228 10230 10239 10241 10242 10243 10244 10245 10245 10245 10245 10245 10245 10245 10245 10245 10245 10245 10245 10246 10247 10248
-9 9605 9617 9630 9642 9655 9668 9681 9695 9708 9722 9736 9750 9765 9780 9795 9810 9826 9842 9858 9874 9890 9906 9922 9938 9954 9969 9985 10000 10015 10030 10039 10052 10065 10078 10090 10102 10113 10124 10135 10145 10154 10163 10171 10179 10187 10194 10200 10207 10212 10218 10222 10227 10231 10235 10238 10241 10244 10246 10248 10257 10258 10259 10259 10259 10260 10260 10259 10259 10259 10259 10258 10258 10258 10258 10258 10258 10259 10260
-9 9631 9643 9656 9668 9681 9694 9707 9721 9734 9748 9762 9776 9791 9805 9820 9836 9852 9868 9883 9899 9915 9931 9947 9963 9978 9994 10009 10024 10039 10048 10062 10075 10088 10100 10112 10124 10135 10145 10155 10165 10174 10182 10191 10198 10205 10212 10219 10224 10230 10235 10240 10244 10248 10251 10254 10257 10259 10261 10263 10265 10266 10267 10274 10274 10274 10274 10273 10273 10272 10272 10271 10271 10270 10270 10270 10271 10271 10272
-9 9656 9669 9681 9694 9707 9720 9733 9746 9760 9774 9787 9802 9816 9831 9846 9861 9876 9893 9909 9924 9940 9956 9971 9987 10003 10018 10033 10043 10057 10071 10084 10097 10109 10122 10133 10144 10155 10165 10175 10184 10193 10201 10209 10217 10224 10230 10236 10242 10247 10252 10256 10260 10264 10267 10270 10272 10275 10276 10278 10279 10280 10281 10282 10282 10283 10283 10283 10282 10282 10282 10282 10281 10281 10281 10281 10282 10282 10283
-9 9682 9695 9707 9720 9733 9745 9759 9772 9785 9799 9813 9827 9841 9856 9870 9885 9900 9916 9931 9946 9964 9977 9992 10007 10022 10037 10051 10065 10079 10093 10106 10118 10131 10142 10154 10165 10175 10185 10194 10203 10212 10220 10228 10235 10241 10248 10253 10259 10264 10268 10272 10276 10279 10282 10285 10287 10289 10291 10292 10293 10294 10295 10295 10296 10296 10295 10295 10295 10294 10294 10293 10293 10293 10292 10292 10292 10293 10293
-9 9708 9720 9733 9745 9758 9771 9784 9797 9810 9824 9838 9852 9866 9880 9895 9910 9925 9940 9955 9970 9985 10000 10015 10030 10045 10059 10073 10087 10101 10114 10127 10139 10151 10163 10174 10184 10194 10204 10213 10222 10230 10238 10245 10252 10258 10264 10270 10275 10280 10284 10288 10291 10294 10297 10300 10302 10304 10305 10306 10307 10308 10308 10308 10308 10308 10308 10307 10307 10306 10306 10305 10304 10304 10303 10303 10303 10303 10303
-9 9733 9745 9758 9770 9783 9796 9809 9822 9835 9848 9862 9876 9890 9904 9919 9933 9948 9963 9978 9993 10008 10023 10037 10052 10067 10081 10095 10109 10122 10135 10147 10159 10171 10182 10193 10203 10213 10222 10231 10240 10248 10255 10262 10269 10275 10281 10286 10291 10295 10299 10303 10306 10309 10312 10314 10316 10317 10319 10320 10320 10321 10321 10321 10321 10320 10320 10319 10318 10317 10317 10316 10315 10314 10313 10313 10313 10313 10313
-9 9758 9771 9783 9796 9808 9821 9834 9846 9860 9873 9886 9900 9914 9928 9942 9957 9971 9986 10001 10016 10030 10045 10059 10074 10088 10102 10116 10129 10142 10155 10167 10179 10190 10201 10212 10222 10231 10240 10249 10257 10265 10272 10279 10285 10291 10296 10301 10306 10310 10314 10317 10321 10323 10326 10328 10329 10331 10332 10332 10333 10333 10333 10333 10333 10332 10331 10330 10329 10328 10327 10326 10325 10324 10323 10323 10322 10322 10322
-9 9784 9796 9808 9820 9833 9845 9858 9871 9884 9897 9910 9924 9938 9951 9966 9980 9994 10009 10023 10038 10052 10067 10081 10095 10109 10123 10136 10149 10162 10174 10186 10198 10209 10220 10230 10239 10249 10257 10266 10274 10281 10288 10295 10301 10306 10312 10316 10321 10325 10328 10332 10334 10337 10339 10341 10342 10343 10344 10345 10345 10345 10345 10345 10344 10343 10342 10341 10340 10339 10337 10336 10335 10334 10333 10332 10331 10330 10330
-9 9809 9821 9833 9845 9858 9870 9882 9895 9908 9921 9934 9947 9961 9975 9989 10003 10017 10031 10045 10059 10074 10088 10102 10116 10129 10143 10156 10169 10181 10193 10205 10216 10227 10237 10247 10256 10265 10274 10282 10290 10297 10304 10310 10316 10321 10326 10331 10335 10339 10342 10345 10348 10350 10352 10354 10355 10356 10356 10357 10357 10357 10356 10356 10355 10354 10353 10351 10350 10349 10347 10346 10344 10343 10341 10340 10339 10339 10338
-9 9834 9846 9858 9870 9882 9894 9907 9919 9932 9944 9957 9971 9984 9997 10011 10025 10039 10053 10067 10081 10095 10109 10122 10136 10149 10162 10175 10188 10200 10212 10223 10234 10244 10254 10264 10273 10282 10290 10298 10305 10312 10318 10324 10330 10335 10340 10344 10348 10352 10355 10358 10361 10363 10364 10366 10367 10368 10368 10368 10368 10368 10367 10366 10365 10364 10363 10361 10360 10358 10356 10355 10353 10351 10350 10348 10347 10346 10346
-9 9860 9871 9883 9895 9907 9919 9931 9943 9955 9968 9981 9994 10007 10020 10033 10047 10061 10074 10088 10102 10115 10129 10142 10156 10169 10182 10194 10206 10218 10230 10241 10251 10261 10271 10280 10289 10297 10305 10313 10320 10326 10333 10339 10344 10349 10354 10358 10362 10365 10368 10371 10373 10375 10376 10377 10378 10379 10379 10379 10379 10378 10377 10376 10375 10374 10372 10370 10369 10367 10365 10363 10361 10359 10358 10356 10355 10353 10352
-9 9885 9896 9908 9919 9931 9943 9955 9967 9979 9991 10004 10016 10029 10042 10056 10069 10082 10096 10109 10123 10136 10149 10162 10175 10188 10200 10213 10224 10236 10247 10258 10268 10278 10287 10296 10304 10312 10320 10327 10334 10340 10346 10352 10357 10362 10366 10370 10374 10377 10380 10383 10385 10386 10388 10389 10389 10390 10390 10389 10389 10388 10387 10386 10384 10383 10381 10379 10377 10375 10373 10371 10369 10367 10365 10363 10361 10360 10359
-9 9910 9922 9933 9944 9956 9967 9979 9991 10003 10015 10027 10039 10052 10065 10078 10091 10104 10117 10130 10143 10156 10169 10182 10194 10207 10219 10231 10242 10253 10264 10274 10284 10293 10302 10311 10319 10327 10334 10341 10348 10354 10360 10365 10370 10375 10379 10383 10386 10389 10392 10394 10396 10397 10398 10399 10400 10400 10400 10399 10399 10398 10396 10395 10393 10391 10389 10387 10385 10383 10381 10378 10376 10374 10372 10370 10368 10366 10365
-9 9936 9947 9958 9969 9981 9991 10003 10014 10026 10038 10050 10062 10074 10087 10099 10112 10125 10138 10150 10163 10176 10188 10201 10213 10225 10237 10248 10259 10270 10281 10290 10300 10309 10318 10326 10334 10341 10348 10355 10361 10367 10372 10377 10382 10387 10391 10394 10397 10400 10403 10405 10406 10408 10409 10409 10410 10409 10409 10408 10408 10406 10405 10403 10401 10399 10397 10395 10392 10390 10387 10385 10382 10380 10378 10375 10373 10371 10370
-9 9961 9972 9983 9994 10005 10016 10028 10038 10050 10061 10073 10085 10097 10109 10121 10134 10146 10161 10174 10187 10199 10208 10220 10232 10243 10255 10266 10277 10287 10297 10306 10315 10324 10332 10340 10348 10355 10361 10368 10374 10379 10384 10389 10394 10398 10402 10405 10408 10411 10413 10415 10417 10418 10418 10419 10419 10419 10418 10417 10416 10415 10413 10411 10409 10407 10404 10402 10399 10396 10394 10391 10388 10386 10383 10381 10378 10376 10374
-9 9987 9998 10008 10019 10030 10041 10052 10063 10074 10085 10097 10109 10121 10133 10145 10157 10170 10182 10194 10206 10219 10231 10243 10250 10261 10272 10283 10293 10303 10313 10322 10331 10339 10347 10354 10361 10368 10374 10380 10386 10391 10396 10401 10405 10409 10413 10416 10419 10421 10423 10425 10426 10427 10428 10428 10428 10427 10426 10425 10424 10422 10420 10418 10416 10413 10411 10408 10405 10402 10399 10397 10394 10391 10388 10385 10383 10381 10378
-9 10013 10023 10034 10044 10055 10065 10076 10087 10098 10109 10120 10131 10143 10155 10166 10178 10190 10202 10214 10226 10238 10250 10261 10273 10280 10290 10300 10310 10320 10329 10338 10346 10354 10361 10368 10375 10381 10387 10393 10398 10403 10408 10412 10416 10420 10423 10426 10429 10431 10433 10434 10435 10436 10436 10436 10436 10435 10434 10433 10431 10429 10427 10425 10422 10420 10417 10414 10411 10408 10405 10401 10398 10395 10392 10389 10387 10384 10382
