input/I57/I57_025yr24ha.asc
ncols        301
nrows        195
xllcorner    -92.313182000000
yllcorner    35.829066000000
cellsize     0.008333000000
NODATA_value -9
[rows 76 to 113 of 195, columns 168 to 251 of 301]
6481 6483 6486 6488 6490 6493 6495 6497 6499 6501 6503 6506 6508 6510 6512 6514 6516 6519 6521 6523 6526 6528 6530 6533 6535 6538 6540 6542 6545 6547 6548 6550 6552 6552 6554 6555 6557 6558 6560 6561 6563 6565 6566 6568 6570 6572 6575 6577 6579 6582 6584 6587 6590 6592 6595 6598 6601 6603 6605 6608 6610 6613 6615 6618 6620 6623 6625 6627 6630 6632 6634 6635 6637 6639 6640 6641 6642 6643 6644 6644 6644 6644 6644 6644
6482 6485 6488 6490 6492 6495 6497 6499 6501 6503 6506 6508 6510 6512 6514 6516 6518 6521 6523 6525 6528 6530 6532 6535 6538 6540 6542 6544 6546 6548 6550 6552 6553 6555 6555 6556 6558 6559 6561 6562 6563 6565 6567 6568 6570 6572 6574 6576 6578 6581 6583 6585 6588 6590 6593 6595 6598 6600 6602 6604 6607 6609 6611 6614 6616 6618 6621 6623 6625 6627 6629 6630 6632 6633 6635 6636 6637 6638 6638 6639 6639 6639 6639 6638
6484 6487 6489 6492 6494 6496 6499 6501 6503 6505 6508 6510 6512 6514 6516 6518 6521 6523 6525 6527 6530 6532 6534 6537 6540 6542 6544 6546 6548 6550 6552 6553 6555 6556 6557 6557 6559 6560 6561 6562 6564 6565 6567 6568 6570 6572 6573 6575 6577 6579 6582 6584 6586 6588 6591 6593 6595 6597 6599 6601 6603 6606 6608 6610 6612 6614 6616 6618 6620 6622 6624 6625 6627 6628 6629 6630 6631 6632 6633 6633 6633 6633 6633 6633
6485 6488 6491 6493 6495 6498 6500 6503 6505 6507 6509 6511 6514 6516 6518 6520 6522 6525 6527 6529 6532 6534 6537 6539 6542 6544 6546 6548 6550 6551 6553 6554 6556 6557 6558 6560 6561 6560 6562 6563 6564 6565 6567 6568 6569 6571 6573 6575 6576 6578 6580 6582 6584 6586 6588 6590 6593 6594 6596 6598 6600 6602 6604 6606 6608 6610 6612 6614 6615 6617 6619 6620 6622 6623 6624 6625 6626 6627 6627 6628 6628 6628 6628 6627
6486 6489 6492 6494 6497 6499 6502 6504 6506 6509 6511 6513 6515 6517 6520 6522 6524 6526 6529 6531 6533 6537 6539 6541 6543 6545 6547 6549 6551 6553 6554 6556 6557 6558 6559 6560 6561 6562 6562 6563 6564 6565 6567 6568 6569 6571 6572 6574 6575 6577 6579 6581 6582 6584 6586 6588 6590 6591 6593 6595 6597 6598 6600 6602 6604 6606 6607 6609 6611 6612 6614 6615 6617 6618 6619 6620 6621 6621 6622 6622 6622 6622 6622 6622
6487 6490 6493 6495 6498 6500 6503 6505 6508 6510 6512 6514 6517 6519 6521 6523 6526 6528 6530 6533 6536 6538 6540 6543 6545 6547 6549 6551 6552 6554 6555 6557 6558 6559 6560 6561 6562 6563 6563 6563 6564 6565 6566 6568 6569 6570 6571 6573 6574 6576 6577 6579 6580 6582 6584 6585 6587 6588 6590 6592 6593 6595 6596 6598 6600 6601 6603 6605 6606 6608 6609 6610 6612 6613 6614 6615 6615 6616 6617 6617 6617 6617 6617 6616
6488 6491 6494 6496 6499 6501 6504 6506 6509 6511 6513 6516 6518 6520 6523 6525 6527 6529 6532 6534 6537 6540 6542 6544 6546 6548 6550 6552 6553 6555 6556 6558 6559 6560 6561 6562 6562 6563 6564 6564 6564 6565 6566 6567 6568 6569 6571 6572 6573 6574 6576 6577 6578 6580 6581 6583 6584 6586 6587 6588 6590 6591 6593 6594 6596 6597 6599 6600 6602 6603 6605 6606 6607 6608 6609 6610 6611 6611 6612 6612 6612 6612 6612 6611
6489 6492 6494 6497 6500 6502 6505 6507 6510 6512 6514 6517 6519 6521 6524 6526 6528 6531 6533 6536 6539 6541 6543 6545 6547 6549 6551 6553 6554 6556 6557 6558 6559 6560 6561 6562 6563 6563 6564 6564 6564 6565 6566 6567 6568 6569 6570 6571 6572 6573 6574 6575 6577 6578 6579 6580 6581 6583 6584 6585 6587 6588 6589 6591 6592 6593 6595 6596 6598 6599 6600 6602 6603 6604 6605 6606 6606 6607 6607 6608 6608 6608 6607 6607
6489 6492 6495 6498 6500 6503 6505 6508 6510 6513 6515 6518 6520 6522 6525 6527 6530 6532 6535 6538 6540 6542 6544 6546 6548 6550 6552 6554 6555 6557 6558 6559 6560 6561 6562 6562 6563 6563 6564 6564 6564 6565 6566 6566 6567 6568 6569 6570 6571 6572 6573 6574 6575 6576 6577 6578 6579 6580 6582 6583 6584 6585 6586 6587 6589 6590 6591 6593 6594 6595 6596 6598 6599 6600 6601 6602 6602 6603 6603 6604 6604 6604 6603 6603
6490 6493 6495 6498 6501 6503 6506 6509 6511 6514 6516 6519 6521 6523 6526 6528 6531 6533 6536 6539 6541 6543 6545 6547 6549 6551 6553 6554 6556 6557 6558 6559 6560 6561 6562 6563 6563 6563 6564 6564 6564 6565 6565 6566 6567 6567 6568 6569 6569 6570 6571 6572 6573 6573 6574 6575 6576 6578 6579 6580 6581 6582 6583 6584 6585 6587 6588 6589 6591 6592 6593 6594 6595 6596 6597 6598 6599 6599 6600 6600 6600 6600 6600 6600
6491 6494 6496 6499 6501 6504 6507 6509 6512 6514 6517 6519 6522 6524 6527 6529 6531 6535 6537 6540 6542 6544 6546 6548 6550 6552 6553 6555 6556 6558 6559 6560 6561 6561 6562 6563 6563 6563 6564 6564 6564 6565 6565 6565 6566 6567 6567 6568 6568 6569 6570 6570 6571 6571 6572 6573 6573 6576 6577 6578 6578 6579 6580 6581 6583 6584 6585 6586 6588 6589 6590 6591 6593 6594 6594 6595 6596 6597 6597 6597 6598 6598 6598 6597
6491 6494 6497 6500 6502 6504 6507 6510 6512 6515 6517 6520 6522 6525 6527 6530 6532 6536 6538 6540 6543 6545 6547 6549 6551 6552 6554 6556 6557 6558 6559 6560 6561 6562 6562 6563 6563 6563 6564 6564 6564 6564 6565 6565 6565 6566 6566 6567 6567 6568 6568 6569 6569 6570 6570 6571 6573 6574 6575 6575 6576 6577 6578 6579 6580 6581 6583 6584 6585 6587 6588 6589 6590 6591 6592 6593 6594 6595 6595 6595 6596 6596 6596 6595
6491 6494 6497 6500 6503 6506 6507 6510 6513 6515 6518 6520 6523 6525 6528 6530 6533 6536 6539 6541 6543 6545 6547 6549 6551 6553 6554 6556 6557 6558 6559 6560 6561 6562 6562 6563 6563 6563 6563 6563 6564 6564 6564 6564 6565 6565 6565 6566 6566 6566 6567 6567 6567 6568 6568 6569 6571 6572 6573 6573 6574 6575 6576 6577 6578 6579 6581 6582 6583 6585 6586 6587 6589 6590 6591 6592 6593 6593 6594 6594 6594 6595 6595 6594
6492 6495 6498 6500 6503 6506 6508 6510 6513 6516 6518 6521 6523 6526 6528 6531 6535 6537 6539 6542 6544 6546 6548 6550 6552 6553 6555 6556 6558 6559 6560 6560 6561 6562 6562 6563 6563 6563 6563 6563 6563 6563 6564 6564 6564 6564 6565 6565 6565 6565 6565 6566 6566 6566 6567 6569 6570 6571 6571 6572 6573 6574 6574 6576 6577 6578 6579 6581 6582 6584 6585 6586 6588 6589 6590 6591 6592 6593 6593 6594 6594 6594 6594 6594
6492 6495 6498 6501 6503 6506 6509 6510 6513 6516 6518 6521 6524 6526 6529 6531 6535 6538 6540 6542 6544 6546 6548 6550 6552 6554 6555 6557 6558 6559 6560 6561 6561 6562 6562 6562 6562 6562 6563 6563 6563 6563 6563 6563 6564 6564 6564 6564 6564 6564 6564 6565 6565 6565 6565 6568 6569 6569 6570 6571 6571 6572 6573 6574 6576 6577 6578 6580 6581 6583 6584 6586 6587 6588 6590 6591 6592 6593 6593 6594 6594 6594 6595 6595
6492 6495 6498 6501 6504 6506 6509 6511 6513 6516 6519 6521 6524 6527 6529 6532 6534 6536 6539 6543 6545 6547 6549 6551 6552 6554 6555 6557 6558 6559 6560 6561 6561 6562 6562 6562 6562 6562 6562 6563 6563 6563 6563 6563 6563 6563 6563 6563 6563 6563 6563 6564 6564 6564 6567 6567 6568 6568 6569 6570 6570 6571 6572 6574 6575 6576 6578 6579 6581 6583 6584 6586 6587 6589 6590 6591 6592 6593 6594 6594 6595 6595 6596 6596
6492 6495 6498 6501 6504 6505 6508 6511 6513 6516 6519 6522 6524 6527 6529 6532 6534 6537 6539 6541 6543 6547 6549 6551 6553 6554 6556 6557 6558 6559 6560 6561 6561 6562 6561 6562 6562 6562 6562 6562 6562 6563 6563 6563 6563 6563 6563 6563 6563 6563 6563 6563 6563 6566 6566 6566 6567 6567 6568 6569 6570 6571 6572 6573 6574 6576 6578 6579 6581 6583 6585 6586 6588 6589 6591 6592 6593 6594 6595 6596 6596 6597 6597 6597
6492 6495 6498 6499 6502 6505 6508 6511 6513 6516 6519 6522 6524 6527 6530 6532 6535 6537 6539 6542 6544 6546 6548 6551 6553 6554 6556 6557 6558 6559 6560 6561 6560 6561 6561 6562 6562 6562 6562 6562 6562 6562 6562 6562 6562 6562 6562 6562 6562 6562 6562 6562 6562 6565 6565 6566 6566 6567 6568 6568 6569 6570 6572 6573 6574 6576 6578 6580 6582 6583 6585 6587 6589 6591 6592 6593 6595 6596 6597 6597 6598 6599 6599 6599
6492 6495 6496 6499 6502 6505 6508 6511 6513 6516 6519 6522 6524 6527 6530 6532 6535 6537 6540 6542 6544 6546 6548 6550 6551 6555 6556 6557 6558 6559 6559 6560 6560 6561 6561 6562 6562 6562 6562 6562 6562 6562 6562 6562 6562 6562 6562 6562 6562 6562 6562 6562 6565 6565 6565 6566 6566 6567 6567 6568 6569 6570 6572 6573 6575 6576 6578 6580 6582 6584 6586 6588 6590 6592 6594 6595 6596 6598 6599 6600 6600 6601 6601 6602
6492 6495 6496 6499 6502 6505 6508 6511 6513 6516 6519 6522 6525 6527 6530 6532 6535 6537 6540 6542 6544 6546 6548 6550 6552 6553 6555 6556 6557 6558 6559 6560 6561 6561 6561 6562 6562 6562 6562 6562 6562 6562 6562 6562 6562 6562 6562 6562 6562 6562 6564 6564 6564 6565 6565 6565 6566 6566 6567 6568 6569 6570 6572 6573 6575 6577 6579 6581 6583 6586 6588 6590 6592 6594 6595 6597 6598 6600 6601 6602 6603 6603 6604 6604
6492 6493 6496 6499 6502 6505 6508 6510 6513 6516 6519 6522 6525 6527 6530 6533 6535 6538 6540 6542 6544 6546 6548 6550 6552 6553 6555 6556 6557 6558 6559 6560 6561 6561 6562 6562 6562 6562 6562 6562 6562 6562 6562 6562 6562 6562 6562 6562 6562 6564 6564 6564 6564 6564 6565 6565 6566 6567 6567 6568 6569 6571 6572 6574 6576 6578 6580 6582 6584 6587 6589 6591 6593 6595 6597 6599 6600 6602 6603 6604 6605 6606 6607 6607
6492 6493 6496 6499 6501 6504 6507 6510 6513 6516 6519 6522 6524 6527 6530 6533 6535 6538 6540 6542 6544 6547 6548 6550 6552 6554 6555 6556 6558 6559 6560 6560 6561 6561 6562 6562 6562 6562 6563 6563 6563 6563 6563 6562 6562 6562 6562 6562 6562 6564 6564 6564 6564 6565 6565 6565 6566 6567 6568 6569 6570 6571 6573 6575 6576 6579 6581 6583 6586 6588 6591 6593 6595 6597 6599 6601 6603 6604 6605 6607 6608 6609 6609 6610
6491 6494 6495 6498 6501 6504 6507 6510 6513 6516 6519 6521 6524 6527 6530 6532 6535 6538 6540 6542 6545 6547 6549 6550 6552 6554 6555 6557 6558 6559 6560 6560 6561 6562 6562 6562 6563 6563 6563 6563 6563 6563 6563 6563 6563 6562 6562 6562 6564 6564 6564 6564 6564 6565 6565 6566 6566 6567 6568 6569 6570 6572 6573 6575 6577 6580 6582 6584 6587 6590 6592 6594 6597 6599 6601 6603 6605 6606 6608 6609 6610 6611 6612 6613
6491 6494 6495 6498 6501 6504 6506 6509 6512 6515 6518 6521 6524 6527 6530 6532 6535 6537 6540 6542 6545 6547 6549 6551 6552 6554 6555 6557 6558 6559 6560 6561 6561 6562 6562 6563 6563 6563 6563 6563 6563 6563 6563 6563 6563 6563 6564 6564 6564 6564 6564 6565 6565 6565 6565 6566 6567 6567 6568 6569 6571 6572 6574 6576 6578 6580 6583 6586 6588 6591 6593 6596 6598 6601 6603 6605 6607 6608 6610 6611 6613 6614 6615 6615
6490 6493 6494 6497 6500 6503 6506 6509 6512 6515 6518 6521 6524 6527 6529 6532 6535 6537 6540 6542 6544 6547 6549 6551 6552 6554 6555 6557 6558 6559 6560 6561 6562 6562 6563 6563 6563 6564 6564 6564 6564 6564 6564 6564 6564 6564 6564 6564 6564 6565 6565 6565 6565 6565 6566 6566 6567 6568 6569 6570 6571 6573 6575 6577 6579 6581 6584 6587 6589 6592 6595 6597 6600 6602 6605 6607 6609 6610 6612 6614 6615 6616 6617 6618
6489 6492 6493 6496 6499 6502 6505 6508 6511 6514 6517 6520 6523 6526 6529 6532 6534 6537 6539 6542 6544 6546 6548 6550 6552 6554 6555 6557 6558 6559 6560 6561 6562 6562 6563 6563 6564 6564 6564 6564 6564 6564 6564 6564 6565 6565 6565 6565 6565 6565 6565 6565 6566 6566 6566 6567 6568 6568 6569 6571 6572 6573 6575 6577 6580 6582 6585 6588 6590 6593 6596 6599 6601 6604 6606 6609 6611 6612 6614 6616 6617 6618 6619 6620
6488 6491 6492 6495 6498 6501 6504 6507 6510 6513 6516 6519 6522 6525 6528 6531 6534 6537 6539 6542 6544 6546 6548 6550 6552 6554 6555 6557 6558 6559 6560 6561 6562 6563 6563 6564 6564 6564 6565 6565 6565 6565 6565 6565 6565 6565 6565 6565 6565 6566 6566 6566 6566 6566 6567 6567 6568 6569 6570 6571 6573 6574 6576 6578 6580 6583 6586 6589 6591 6594 6597 6600 6603 6605 6608 6610 6612 6614 6616 6618 6619 6620 6621 6622
6487 6488 6491 6494 6497 6500 6503 6506 6509 6512 6515 6518 6522 6525 6527 6530 6533 6536 6538 6541 6543 6546 6548 6550 6552 6554 6555 6557 6558 6559 6560 6561 6562 6563 6563 6564 6564 6565 6565 6565 6565 6565 6565 6565 6565 6566 6566 6566 6566 6566 6566 6566 6567 6567 6567 6568 6569 6569 6570 6572 6573 6575 6577 6579 6581 6584 6587 6590 6593 6596 6598 6601 6604 6607 6609 6612 6614 6616 6618 6619 6621 6622 6623 6624
6486 6486 6489 6492 6496 6499 6502 6505 6508 6511 6514 6517 6520 6523 6526 6529 6532 6535 6538 6540 6543 6545 6547 6549 6551 6553 6555 6556 6558 6559 6560 6561 6562 6563 6564 6564 6565 6565 6564 6564 6565 6565 6565 6566 6566 6566 6566 6566 6567 6567 6567 6567 6567 6568 6568 6569 6569 6570 6571 6572 6574 6575 6577 6580 6582 6585 6587 6590 6593 6597 6600 6603 6605 6608 6611 6613 6615 6618 6619 6621 6623 6624 6625 6626
6484 6485 6488 6491 6494 6497 6500 6503 6506 6510 6513 6516 6519 6522 6525 6528 6531 6534 6537 6539 6542 6544 6546 6549 6551 6552 6554 6556 6557 6559 6560 6561 6562 6563 6564 6564 6565 6564 6564 6565 6565 6565 6566 6566 6566 6567 6567 6567 6567 6567 6567 6568 6568 6568 6569 6569 6570 6571 6572 6573 6574 6576 6578 6580 6583 6585 6588 6591 6594 6598 6601 6604 6607 6609 6612 6615 6617 6619 6621 6623 6624 6626 6627 6628
6480 6483 6486 6489 6492 6495 6498 6501 6505 6508 6511 6514 6517 6521 6524 6527 6530 6533 6535 6538 6541 6543 6545 6548 6550 6552 6553 6555 6557 6558 6559 6561 6562 6563 6564 6562 6563 6564 6564 6565 6565 6566 6566 6567 6567 6567 6567 6567 6568 6568 6568 6568 6568 6569 6569 6570 6570 6571 6572 6574 6575 6577 6579 6581 6584 6586 6589 6592 6595 6599 6602 6605 6608 6611 6614 6616 6618 6621 6623 6625 6626 6628 6629 6630
6477 6480 6483 6487 6490 6493 6496 6499 6502 6506 6509 6512 6515 6519 6522 6525 6528 6531 6534 6537 6539 6542 6544 6546 6549 6551 6553 6554 6556 6557 6559 6560 6561 6560 6561 6562 6563 6563 6564 6565 6565 6566 6566 6567 6567 6567 6568 6568 6568 6568 6569 6569 6569 6569 6570 6570 6571 6572 6573 6574 6576 6578 6580 6582 6584 6587 6590 6593 6596 6600 6603 6606 6609 6612 6615 6618 6620 6622 6624 6626 6628 6630 6631 6632
6475 6478 6481 6484 6487 6490 6494 6497 6500 6503 6507 6510 6513 6516 6520 6523 6526 6529 6532 6535 6537 6540 6543 6545 6547 6549 6551 6553 6555 6556 6558 6557 6558 6559 6560 6561 6562 6563 6564 6565 6565 6566 6567 6567 6567 6568 6568 6568 6569 6569 6569 6569 6570 6570 6570 6571 6572 6573 6574 6575 6576 6578 6580 6583 6585 6588 6591 6594 6597 6601 6604 6607 6610 6614 6616 6619 6622 6624 6626 6628 6630 6632 6633 6634
6472 6475 6478 6481 6484 6488 6491 6494 6497 6501 6504 6507 6511 6514 6517 6521 6524 6527 6530 6533 6536 6538 6541 6543 6546 6548 6550 6552 6551 6552 6554 6556 6557 6558 6559 6561 6562 6563 6564 6564 6565 6566 6566 6567 6568 6568 6568 6569 6569 6569 6569 6570 6570 6570 6571 6571 6572 6573 6574 6575 6577 6579 6581 6583 6586 6589 6592 6595 6598 6602 6605 6609 6612 6615 6618 6621 6623 6626 6628 6630 6632 6633 6635 6636
6469 6472 6475 6478 6481 6484 6488 6491 6494 6498 6501 6504 6508 6511 6515 6518 6521 6524 6527 6530 6533 6536 6539 6541 6544 6543 6545 6547 6549 6551 6553 6554 6556 6557 6558 6560 6561 6562 6563 6564 6565 6566 6566 6567 6567 6568 6568 6569 6569 6569 6570 6570 6570 6571 6571 6572 6573 6573 6575 6576 6578 6579 6582 6584 6587 6590 6593 6596 6599 6603 6606 6610 6613 6616 6619 6622 6625 6628 6630 6632 6634 6636 6637 6638
6465 6468 6471 6474 6478 6481 6484 6487 6491 6494 6498 6501 6505 6508 6511 6515 6518 6521 6525 6528 6531 6533 6536 6539 6538 6541 6543 6545 6547 6549 6551 6553 6554 6556 6557 6559 6560 6561 6562 6563 6564 6565 6566 6567 6567 6568 6568 6569 6569 6569 6570 6570 6570 6571 6571 6572 6573 6574 6575 6576 6578 6580 6582 6585 6587 6590 6594 6597 6601 6604 6608 6611 6615 6618 6621 6624 6627 6629 6632 6634 6636 6638 6639 6641
6461 6464 6467 6471 6474 6477 6480 6484 6487 6491 6494 6497 6501 6505 6508 6512 6515 6518 6521 6525 6528 6531 6530 6533 6536 6538 6541 6543 6545 6547 6549 6551 6553 6554 6556 6557 6559 6560 6561 6562 6563 6564 6565 6566 6567 6567 6568 6568 6569 6569 6570 6570 6570 6571 6571 6572 6573 6574 6575 6577 6579 6581 6583 6585 6588 6591 6594 6598 6602 6605 6609 6613 6616 6620 6623 6626 6629 6631 6634 6636 6638 6640 6642 6643
6457 6460 6463 6466 6470 6473 6476 6480 6483 6486 6490 6494 6497 6501 6504 6508 6511 6515 6518 6521 6525 6525 6527 6530 6533 6536 6538 6540 6543 6545 6547 6549 6551 6552 6554 6556 6557 6558 6560 6561 6562 6563 6564 6565 6566 6567 6567 6568 6568 6569 6569 6570 6570 6571 6571 6572 6573 6574 6576 6577 6579 6581 6583 6586 6589 6592 6595 6599 6603 6606 6610 6614 6618 6621 6625 6628 6631 6634 6636 6639 6641 6643 6645 6646
