input/I57/I57_100yr24ha.asc
ncols        301
nrows        195
xllcorner    -92.313182000000
yllcorner    35.829066000000
cellsize     0.008333000000
NODATA_value -9
[rows 0 to 37 of 195, columns 84 to 167 of 301]
7143 7153 7163 7173 7182 7192 7201 7210 7219 7228 7237 7246 7255 7263 7272 7281 7289 7298 7306 7315 7323 7331 7339 7348 7356 7363 7371 7379 7386 7393 7400 7407 7414 7420 7426 7432 7437 7442 7447 7451 7456 7460 7463 7467 7471 7475 7478 7482 7486 7490 7494 7498 7502 7506 7511 7515 7519 7524 7528 7533 7537 7542 7547 7551 7556 7561 7565 7570 7575 7575 7580 7585 7589 7594 7599 7604 7610 7615 7621 7624 7630 7637 7644 7651
7148 7158 7168 7178 7188 7198 7208 7217 7226 7235 7244 7253 7262 7271 7279 7288 7297 7305 7314 7322 7330 7339 7347 7355 7363 7371 7378 7386 7393 7401 7408 7414 7421 7427 7433 7438 7444 7449 7453 7458 7462 7466 7470 7473 7477 7481 7485 7488 7492 7496 7500 7504 7509 7513 7517 7522 7526 7531 7535 7540 7545 7549 7554 7559 7563 7568 7573 7578 7582 7583 7588 7592 7597 7602 7607 7612 7618 7623 7625 7632 7638 7645 7652 7660
7153 7163 7174 7184 7194 7205 7214 7224 7233 7242 7251 7260 7269 7278 7287 7295 7304 7313 7321 7329 7338 7346 7354 7362 7370 7378 7386 7393 7401 7408 7415 7421 7428 7434 7440 7445 7450 7455 7460 7464 7468 7472 7476 7479 7483 7487 7491 7494 7498 7502 7507 7511 7515 7519 7524 7528 7533 7538 7542 7547 7552 7557 7561 7566 7571 7576 7580 7585 7586 7591 7595 7600 7605 7610 7615 7620 7626 7631 7634 7640 7647 7654 7661 7668
7157 7168 7179 7189 7200 7211 7221 7230 7240 7249 7258 7267 7276 7285 7294 7303 7311 7320 7328 7337 7345 7353 7362 7370 7378 7385 7393 7400 7408 7415 7421 7428 7434 7440 7446 7451 7457 7461 7466 7470 7474 7478 7482 7485 7489 7493 7497 7501 7505 7509 7513 7517 7522 7526 7531 7535 7540 7545 7549 7554 7559 7564 7569 7573 7578 7583 7588 7593 7594 7598 7603 7608 7613 7618 7623 7628 7634 7640 7646 7649 7655 7663 7670 7677
7162 7173 7184 7195 7207 7217 7227 7237 7246 7256 7265 7274 7283 7292 7301 7310 7318 7327 7335 7344 7352 7361 7369 7377 7385 7392 7400 7407 7415 7422 7428 7435 7441 7447 7453 7458 7463 7467 7472 7476 7480 7484 7488 7491 7495 7499 7503 7507 7511 7515 7519 7523 7528 7532 7537 7542 7546 7551 7556 7561 7566 7571 7576 7581 7586 7590 7595 7600 7601 7606 7611 7616 7620 7626 7631 7636 7642 7648 7654 7657 7664 7671 7679 7686
7167 7178 7189 7200 7213 7223 7233 7243 7253 7262 7272 7281 7290 7299 7308 7317 7325 7334 7342 7351 7359 7367 7376 7384 7392 7399 7407 7414 7421 7428 7435 7441 7448 7453 7459 7464 7469 7474 7478 7482 7486 7490 7493 7497 7501 7505 7508 7512 7516 7521 7525 7530 7534 7539 7543 7548 7553 7558 7563 7568 7573 7578 7583 7588 7593 7598 7603 7607 7609 7613 7618 7623 7628 7633 7639 7644 7650 7656 7662 7669 7673 7680 7687 7695
7172 7183 7197 7208 7219 7229 7239 7249 7259 7269 7278 7287 7297 7306 7314 7323 7332 7341 7349 7358 7366 7374 7382 7392 7400 7408 7415 7422 7430 7436 7443 7449 7455 7461 7466 7471 7475 7480 7483 7487 7491 7494 7497 7501 7504 7510 7514 7518 7522 7527 7531 7536 7540 7545 7550 7554 7559 7564 7569 7574 7579 7584 7590 7595 7600 7605 7610 7615 7616 7621 7626 7631 7636 7641 7647 7652 7658 7664 7670 7677 7684 7689 7696 7703
7176 7190 7202 7213 7224 7235 7245 7255 7265 7275 7285 7294 7303 7312 7321 7330 7338 7347 7356 7364 7373 7383 7391 7399 7407 7414 7422 7429 7436 7443 7449 7456 7461 7467 7472 7477 7481 7485 7489 7493 7496 7499 7503 7506 7509 7513 7516 7520 7524 7528 7537 7541 7546 7551 7556 7561 7566 7571 7572 7581 7586 7591 7596 7601 7606 7612 7617 7622 7623 7628 7633 7638 7644 7649 7654 7660 7666 7672 7679 7685 7692 7697 7705 7712
7183 7195 7207 7219 7230 7241 7251 7261 7271 7281 7291 7300 7309 7318 7327 7336 7345 7354 7362 7371 7381 7390 7398 7406 7413 7421 7428 7436 7443 7449 7456 7462 7468 7473 7478 7483 7487 7491 7495 7498 7502 7505 7508 7511 7515 7518 7522 7525 7530 7534 7538 7543 7548 7552 7557 7562 7567 7573 7578 7583 7588 7598 7603 7608 7613 7618 7623 7625 7630 7635 7641 7646 7651 7656 7662 7668 7674 7680 7687 7693 7700 7706 7713 7721
7188 7200 7212 7224 7235 7246 7257 7267 7277 7287 7297 7306 7315 7325 7334 7342 7351 7363 7371 7380 7388 7396 7404 7412 7420 7427 7435 7442 7449 7456 7462 7468 7474 7479 7484 7489 7493 7497 7500 7504 7507 7510 7514 7517 7520 7523 7527 7531 7535 7539 7544 7548 7553 7558 7563 7568 7573 7579 7584 7589 7595 7600 7609 7615 7620 7625 7630 7632 7637 7643 7648 7653 7658 7664 7670 7676 7682 7688 7695 7702 7709 7716 7722 7729
7192 7205 7217 7229 7240 7252 7262 7273 7283 7293 7303 7312 7322 7331 7342 7351 7360 7369 7377 7386 7394 7402 7411 7419 7426 7434 7441 7448 7455 7462 7468 7474 7480 7485 7490 7495 7499 7503 7506 7510 7513 7516 7519 7522 7525 7529 7533 7536 7540 7545 7549 7554 7559 7564 7569 7574 7579 7585 7590 7595 7601 7610 7616 7621 7626 7632 7637 7639 7644 7650 7655 7660 7666 7671 7677 7683 7689 7696 7703 7710 7717 7724 7731 7737
7197 7210 7222 7234 7246 7257 7268 7278 7289 7299 7309 7318 7327 7339 7348 7357 7366 7375 7384 7392 7401 7409 7417 7425 7433 7440 7448 7455 7462 7468 7475 7481 7486 7491 7496 7501 7505 7509 7512 7515 7519 7522 7525 7528 7531 7535 7538 7542 7546 7550 7555 7560 7565 7570 7575 7580 7585 7591 7596 7602 7607 7613 7622 7628 7633 7638 7644 7646 7651 7657 7662 7668 7673 7679 7685 7691 7697 7704 7711 7718 7725 7732 7739 7746
7201 7214 7227 7239 7251 7262 7273 7284 7294 7304 7314 7324 7333 7345 7354 7363 7372 7381 7390 7398 7407 7415 7423 7431 7439 7447 7454 7461 7468 7475 7481 7487 7493 7498 7503 7507 7511 7515 7518 7521 7524 7528 7531 7534 7537 7540 7544 7548 7552 7556 7561 7566 7571 7576 7581 7586 7591 7597 7602 7608 7614 7619 7625 7634 7640 7642 7647 7653 7658 7664 7669 7675 7681 7686 7692 7699 7705 7712 7718 7726 7733 7740 7747 7755
7206 7219 7232 7244 7256 7268 7279 7289 7300 7310 7320 7330 7342 7351 7360 7369 7378 7387 7396 7405 7413 7421 7430 7438 7445 7453 7460 7468 7475 7481 7487 7493 7499 7504 7509 7513 7517 7521 7524 7528 7531 7534 7537 7540 7543 7546 7550 7554 7558 7562 7567 7572 7577 7582 7587 7592 7597 7603 7609 7614 7620 7626 7631 7637 7643 7648 7654 7660 7665 7671 7677 7682 7688 7694 7700 7706 7713 7720 7726 7734 7741 7748 7756 7763
7210 7224 7236 7249 7261 7273 7284 7295 7305 7315 7325 7335 7345 7357 7366 7375 7384 7393 7402 7411 7419 7428 7436 7444 7452 7459 7467 7474 7481 7488 7494 7500 7505 7511 7515 7520 7524 7527 7531 7534 7537 7540 7543 7546 7549 7552 7556 7560 7564 7568 7573 7578 7583 7588 7593 7598 7604 7609 7615 7621 7627 7632 7638 7644 7650 7655 7661 7667 7673 7678 7684 7690 7696 7702 7708 7714 7721 7728 7735 7742 7749 7756 7764 7771
7215 7228 7241 7254 7266 7278 7289 7300 7310 7321 7331 7341 7350 7363 7372 7381 7390 7399 7408 7417 7425 7434 7442 7450 7458 7466 7473 7481 7488 7494 7500 7506 7512 7517 7522 7526 7530 7534 7537 7540 7543 7546 7549 7552 7555 7559 7562 7566 7570 7575 7579 7584 7589 7594 7600 7605 7610 7616 7622 7628 7633 7639 7645 7651 7657 7663 7668 7674 7680 7686 7692 7698 7704 7710 7716 7722 7729 7736 7743 7750 7757 7765 7772 7780
7219 7232 7245 7258 7270 7282 7294 7305 7315 7326 7336 7346 7355 7365 7374 7383 7392 7401 7410 7419 7431 7440 7448 7456 7464 7472 7480 7487 7494 7501 7507 7513 7519 7524 7528 7533 7537 7540 7544 7547 7550 7553 7556 7559 7562 7565 7569 7573 7577 7581 7586 7591 7596 7601 7606 7612 7617 7623 7629 7635 7641 7647 7652 7658 7664 7670 7676 7682 7688 7694 7700 7706 7712 7718 7724 7731 7738 7744 7752 7759 7766 7774 7781 7789
7223 7236 7250 7262 7275 7287 7298 7309 7320 7331 7341 7351 7360 7370 7379 7388 7398 7407 7416 7424 7433 7442 7454 7462 7470 7478 7486 7493 7500 7507 7513 7519 7525 7530 7535 7540 7544 7547 7551 7554 7557 7560 7563 7566 7569 7572 7576 7580 7584 7588 7593 7598 7603 7608 7614 7619 7625 7630 7636 7642 7648 7654 7660 7666 7672 7678 7684 7690 7696 7702 7708 7714 7720 7727 7733 7740 7746 7753 7760 7768 7775 7783 7790 7798
7227 7240 7254 7267 7279 7291 7303 7314 7325 7335 7345 7355 7365 7375 7384 7393 7403 7412 7421 7430 7438 7447 7456 7464 7472 7480 7492 7499 7507 7513 7520 7526 7532 7537 7542 7546 7550 7554 7557 7561 7564 7567 7570 7573 7576 7580 7583 7587 7591 7596 7601 7606 7611 7616 7621 7627 7632 7638 7644 7650 7656 7662 7668 7674 7680 7686 7692 7698 7704 7710 7717 7723 7729 7735 7742 7749 7755 7762 7770 7777 7784 7792 7800 7807
7230 7244 7257 7270 7283 7295 7307 7318 7329 7339 7350 7360 7370 7379 7389 7398 7407 7416 7426 7435 7443 7452 7461 7469 7478 7486 7494 7501 7513 7520 7526 7532 7538 7543 7548 7553 7557 7561 7564 7568 7571 7574 7577 7580 7584 7587 7591 7595 7599 7604 7608 7613 7619 7624 7629 7635 7641 7646 7652 7658 7664 7671 7677 7683 7689 7695 7701 7707 7713 7720 7726 7732 7738 7745 7751 7758 7765 7772 7779 7787 7794 7802 7809 7817
7234 7248 7261 7274 7287 7299 7311 7322 7333 7343 7354 7364 7374 7383 7393 7402 7412 7421 7430 7439 7448 7457 7466 7474 7483 7491 7499 7507 7514 7522 7529 7535 7541 7550 7555 7560 7564 7568 7572 7575 7578 7581 7585 7588 7591 7595 7599 7603 7607 7612 7617 7622 7627 7632 7638 7643 7649 7655 7661 7667 7673 7680 7686 7692 7698 7704 7711 7717 7723 7729 7735 7742 7748 7755 7761 7768 7775 7782 7790 7797 7804 7812 7820 7827
7237 7251 7264 7277 7290 7302 7314 7325 7336 7347 7358 7368 7378 7387 7397 7407 7416 7425 7435 7444 7453 7462 7470 7479 7488 7496 7504 7512 7520 7527 7534 7541 7547 7553 7559 7564 7569 7575 7579 7582 7586 7589 7592 7596 7599 7603 7607 7611 7616 7620 7625 7630 7636 7641 7647 7652 7658 7664 7670 7677 7683 7689 7695 7702 7708 7714 7720 7727 7733 7739 7746 7752 7759 7765 7772 7779 7786 7793 7800 7808 7815 7823 7830 7839
7240 7254 7267 7281 7293 7306 7317 7329 7340 7351 7361 7371 7381 7391 7401 7410 7420 7429 7439 7448 7457 7466 7475 7484 7492 7501 7509 7517 7525 7532 7539 7546 7553 7559 7565 7571 7576 7581 7585 7590 7593 7597 7600 7604 7608 7611 7616 7620 7624 7629 7634 7640 7645 7651 7656 7662 7668 7674 7680 7686 7693 7699 7705 7712 7718 7724 7731 7737 7743 7750 7756 7763 7769 7776 7783 7790 7797 7804 7811 7819 7826 7834 7842 7851
7243 7257 7270 7283 7296 7308 7320 7332 7343 7354 7364 7375 7385 7395 7404 7414 7424 7433 7442 7452 7461 7470 7479 7488 7497 7505 7513 7522 7530 7537 7545 7552 7559 7565 7571 7577 7582 7587 7592 7597 7601 7605 7608 7612 7616 7620 7624 7629 7634 7639 7644 7649 7655 7660 7666 7672 7678 7684 7690 7697 7703 7710 7716 7722 7729 7735 7742 7748 7755 7761 7768 7774 7781 7788 7795 7801 7809 7816 7823 7831 7838 7846 7855 7863
7245 7259 7273 7286 7299 7311 7323 7335 7346 7357 7367 7378 7388 7398 7407 7417 7427 7436 7446 7455 7465 7474 7483 7492 7501 7509 7518 7526 7534 7542 7550 7557 7564 7571 7577 7583 7589 7594 7599 7604 7609 7613 7617 7621 7625 7629 7633 7638 7643 7648 7654 7659 7665 7670 7676 7682 7688 7695 7701 7708 7714 7721 7727 7734 7740 7747 7753 7760 7766 7773 7779 7786 7793 7800 7807 7814 7821 7828 7835 7843 7851 7860 7868 7875
7248 7262 7275 7288 7301 7314 7325 7337 7348 7359 7370 7380 7390 7400 7410 7420 7430 7439 7449 7458 7468 7477 7486 7496 7504 7513 7522 7530 7539 7547 7555 7562 7569 7576 7583 7589 7595 7600 7606 7611 7616 7621 7626 7629 7634 7638 7643 7648 7653 7658 7664 7669 7675 7681 7687 7693 7699 7706 7712 7719 7726 7732 7739 7746 7752 7759 7765 7772 7779 7785 7792 7799 7805 7812 7819 7826 7834 7841 7848 7856 7863 7873 7880 7888
7250 7264 7277 7291 7303 7316 7328 7339 7350 7361 7372 7382 7393 7403 7413 7423 7432 7442 7452 7461 7471 7480 7490 7499 7508 7517 7526 7534 7543 7551 7559 7567 7574 7582 7588 7595 7601 7607 7613 7618 7624 7629 7634 7639 7643 7647 7652 7658 7663 7668 7674 7680 7686 7692 7698 7704 7711 7717 7724 7731 7738 7744 7751 7758 7765 7771 7778 7785 7791 7798 7805 7812 7818 7825 7832 7840 7847 7854 7861 7869 7877 7886 7894 7901
7252 7266 7279 7292 7305 7317 7329 7341 7352 7363 7374 7384 7395 7405 7415 7425 7435 7444 7447 7457 7466 7476 7485 7495 7504 7513 7522 7538 7547 7555 7564 7572 7579 7587 7594 7601 7607 7614 7620 7625 7631 7637 7642 7648 7653 7657 7662 7668 7673 7679 7685 7691 7697 7703 7710 7716 7723 7730 7736 7743 7750 7757 7764 7771 7777 7784 7791 7798 7805 7811 7818 7825 7832 7839 7846 7853 7860 7868 7875 7883 7890 7900 7907 7915
7253 7267 7281 7294 7306 7319 7331 7342 7354 7365 7375 7386 7396 7406 7416 7427 7436 7446 7449 7459 7469 7478 7488 7497 7507 7516 7526 7535 7544 7559 7568 7576 7584 7592 7599 7606 7613 7620 7626 7633 7639 7645 7650 7656 7662 7668 7674 7678 7684 7690 7696 7702 7709 7715 7722 7728 7735 7742 7749 7756 7763 7770 7777 7784 7791 7798 7805 7812 7818 7825 7832 7839 7846 7853 7860 7867 7875 7882 7889 7897 7906 7914 7921 7929
7255 7269 7282 7295 7308 7320 7332 7343 7355 7366 7377 7387 7397 7408 7418 7428 7438 7448 7451 7461 7471 7481 7490 7500 7509 7519 7528 7538 7547 7556 7565 7580 7589 7597 7604 7612 7619 7626 7633 7640 7646 7653 7659 7665 7671 7677 7683 7690 7696 7702 7709 7715 7722 7729 7734 7741 7748 7755 7762 7769 7776 7784 7792 7799 7806 7812 7819 7826 7833 7840 7847 7854 7861 7868 7875 7882 7889 7897 7904 7913 7920 7928 7936 7943
7256 7270 7283 7296 7309 7321 7333 7344 7356 7367 7377 7388 7398 7409 7419 7429 7439 7449 7453 7463 7473 7483 7492 7502 7512 7522 7531 7541 7550 7560 7569 7578 7587 7601 7610 7618 7625 7633 7640 7647 7654 7661 7667 7674 7680 7687 7693 7700 7707 7713 7720 7727 7734 7741 7748 7755 7762 7769 7776 7784 7791 7798 7806 7813 7820 7827 7834 7841 7848 7855 7862 7869 7876 7883 7891 7898 7905 7913 7920 7928 7935 7943 7950 7958
7257 7271 7284 7297 7309 7322 7333 7345 7356 7367 7378 7389 7399 7409 7420 7430 7440 7450 7454 7464 7474 7484 7494 7504 7514 7524 7534 7544 7553 7563 7573 7582 7591 7600 7609 7623 7631 7639 7647 7654 7662 7669 7676 7683 7690 7697 7703 7710 7717 7725 7732 7739 7746 7753 7760 7768 7775 7782 7790 7797 7805 7812 7820 7827 7834 7841 7848 7855 7863 7870 7877 7884 7891 7898 7906 7913 7920 7928 7935 7942 7950 7957 7965 7972
7258 7272 7285 7298 7310 7322 7334 7345 7357 7368 7378 7389 7400 7410 7420 7431 7441 7451 7456 7466 7476 7486 7496 7506 7516 7526 7537 7547 7557 7566 7576 7586 7596 7605 7614 7624 7637 7645 7653 7661 7669 7677 7684 7692 7699 7706 7714 7721 7728 7736 7743 7751 7758 7766 7773 7781 7788 7796 7804 7811 7819 7826 7834 7841 7849 7856 7863 7870 7877 7885 7892 7899 7906 7913 7921 7928 7935 7943 7950 7958 7965 7973 7980 7987
7259 7273 7286 7298 7310 7323 7334 7346 7357 7368 7379 7389 7400 7410 7421 7431 7441 7447 7457 7467 7477 7488 7498 7508 7519 7529 7539 7549 7560 7570 7580 7590 7600 7610 7619 7629 7638 7651 7660 7669 7677 7685 7693 7701 7709 7716 7724 7732 7740 7747 7755 7763 7771 7778 7786 7794 7802 7810 7817 7825 7833 7841 7848 7856 7863 7871 7878 7885 7892 7900 7907 7914 7921 7929 7936 7943 7951 7958 7965 7973 7980 7988 7995 8003
7261 7274 7286 7299 7311 7323 7335 7346 7357 7368 7379 7390 7400 7411 7421 7431 7442 7448 7458 7469 7479 7489 7500 7510 7521 7531 7542 7552 7563 7573 7583 7594 7604 7614 7624 7634 7644 7658 7667 7676 7684 7693 7701 7710 7718 7726 7734 7743 7751 7759 7767 7775 7783 7791 7799 7807 7815 7823 7832 7839 7847 7855 7863 7871 7878 7886 7893 7900 7908 7915 7922 7929 7937 7944 7951 7959 7966 7973 7981 7988 7996 8003 8010 8018
7262 7275 7287 7300 7312 7324 7335 7346 7357 7368 7379 7390 7400 7411 7421 7432 7442 7449 7460 7470 7481 7491 7502 7512 7523 7533 7544 7555 7566 7576 7587 7598 7608 7619 7629 7640 7650 7660 7673 7683 7692 7701 7710 7719 7727 7736 7745 7753 7762 7770 7779 7787 7796 7804 7812 7821 7829 7837 7846 7854 7862 7870 7878 7885 7893 7900 7908 7915 7923 7930 7937 7945 7952 7959 7967 7974 7981 7989 7996 8003 8011 8018 8025 8033
7264 7276 7288 7301 7312 7324 7336 7347 7358 7369 7379 7390 7401 7411 7422 7432 7443 7451 7461 7472 7482 7493 7504 7514 7525 7536 7547 7558 7569 7580 7591 7602 7613 7624 7635 7645 7656 7667 7680 7690 7699 7709 7718 7728 7737 7746 7755 7764 7773 7782 7791 7800 7808 7817 7826 7834 7843 7851 7860 7868 7876 7884 7892 7900 7908 7915 7923 7930 7938 7945 7952 7960 7967 7974 7982 7989 7996 8004 8011 8018 8026 8033 8040 8047
7267 7278 7290 7302 7313 7325 7336 7347 7358 7369 7380 7390 7401 7412 7422 7433 7442 7452 7463 7473 7484 7495 7506 7516 7527 7538 7550 7561 7572 7583 7595 7606 7617 7628 7640 7651 7662 7673 7684 7697 7707 7717 7727 7737 7746 7756 7765 7775 7784 7793 7803 7812 7821 7830 7839 7847 7856 7865 7873 7882 7890 7898 7906 7914 7922 7930 7937 7945 7952 7960 7967 7975 7982 7989 7997 8004 8011 8019 8026 8033 8040 8048 8055 8062
