input/I57/I57_100yr24ha.asc
ncols        301
nrows        195
xllcorner    -92.313182000000
yllcorner    35.829066000000
cellsize     0.008333000000
NODATA_value -9
[rows 38 to 75 of 195, columns 0 to 83 of 301]
-9 6996 6996 6996 6996 6995 6995 6995 6995 6994 6994 6994 6994 6994 6993 6993 6993 6992 6991 6990 6989 6988 6987 6985 6983 6981 6979 6977 6975 6973 6972 6970 6969 6968 6968 6968 6968 6968 6969 6970 6971 6972 6974 6977 6979 6982 6985 6988 6991 6995 6999 7003 7007 7011 7016 7020 7025 7030 7034 7039 7044 7050 7055 7061 7067 7073 7080 7087 7094 7102 7111 7120 7129 7139 7150 7161 7172 7184 7196 7208 7220 7233 7245 7257
-9 6997 6997 6997 6997 6997 6997 6996 6996 6996 6996 6996 6995 6995 6995 6995 6995 6994 6994 6993 6992 6990 6989 6987 6986 6984 6982 6980 6979 6977 6976 6974 6974 6973 6972 6972 6973 6973 6974 6975 6977 6978 6980 6983 6985 6988 6991 6995 6998 7002 7006 7010 7015 7019 7023 7028 7033 7037 7042 7047 7052 7058 7063 7069 7074 7081 7087 7094 7101 7109 7118 7126 7136 7145 7156 7166 7177 7189 7201 7213 7225 7237 7249 7261
-9 6999 6999 6999 6998 6998 6998 6998 6998 6998 6997 6997 6997 6997 6997 6997 6997 6996 6996 6995 6994 6993 6992 6990 6989 6987 6985 6984 6982 6981 6980 6979 6978 6977 6977 6977 6978 6979 6980 6981 6983 6985 6987 6989 6992 6995 6999 7002 7006 7010 7014 7018 7022 7027 7032 7036 7041 7046 7051 7056 7061 7066 7071 7077 7083 7089 7095 7102 7109 7117 7125 7134 7143 7152 7162 7173 7183 7194 7206 7218 7229 7241 7253 7265
-9 7000 7000 7000 7000 7000 6999 6999 6999 6999 6999 6999 6999 6999 6999 6999 6998 6998 6998 6997 6997 6996 6994 6993 6992 6990 6988 6987 6986 6985 6984 6983 6982 6982 6982 6983 6983 6984 6986 6987 6989 6991 6994 6997 7000 7003 7006 7010 7014 7018 7022 7026 7031 7035 7040 7045 7050 7055 7060 7065 7070 7075 7080 7086 7092 7098 7104 7111 7118 7125 7133 7141 7150 7159 7169 7179 7190 7201 7212 7223 7234 7246 7257 7269
-9 7001 7001 7001 7001 7001 7001 7001 7000 7000 7000 7000 7000 7000 7000 7000 7000 7000 7000 7000 6999 6998 6997 6996 6995 6994 6992 6991 6989 6989 6988 6987 6987 6987 6988 6988 6989 6990 6992 6994 6996 6998 7001 7004 7007 7011 7014 7018 7022 7026 7031 7035 7040 7045 7049 7054 7059 7064 7069 7074 7080 7085 7090 7096 7101 7107 7114 7120 7127 7134 7142 7150 7159 7167 7177 7187 7197 7207 7218 7229 7240 7251 7262 7274
-9 7002 7002 7002 7002 7002 7002 7002 7002 7002 7002 7002 7002 7002 7002 7002 7002 7002 7002 7002 7001 7001 7000 6999 6998 6997 6996 6995 6994 6993 6992 6992 6992 6992 6993 6994 6995 6997 6999 7001 7003 7006 7009 7012 7015 7019 7023 7027 7031 7036 7040 7045 7050 7055 7059 7065 7070 7075 7080 7085 7090 7095 7101 7106 7112 7118 7124 7130 7137 7144 7151 7159 7168 7176 7185 7195 7205 7215 7225 7236 7246 7257 7268 7279
-9 7003 7003 7003 7003 7003 7003 7003 7003 7003 7003 7003 7003 7003 7003 7003 7004 7004 7004 7004 7004 7003 7003 7002 7001 7001 7000 6999 6998 6997 6997 6997 6997 6998 6999 7000 7002 7003 7006 7008 7011 7014 7017 7020 7024 7028 7032 7036 7041 7045 7050 7055 7060 7065 7070 7075 7081 7086 7091 7096 7101 7107 7112 7118 7123 7129 7135 7141 7148 7155 7162 7169 7177 7186 7194 7203 7213 7223 7233 7243 7253 7264 7274 7284
-9 7005 7005 7005 7005 7005 7005 7004 7003 7003 7003 7004 7004 7004 7004 7005 7005 7005 7005 7006 7006 7006 7005 7005 7005 7004 7004 7003 7003 7002 7002 7002 7003 7003 7005 7007 7008 7011 7013 7016 7019 7022 7026 7029 7033 7037 7042 7046 7051 7056 7061 7066 7071 7076 7082 7087 7092 7098 7103 7108 7114 7119 7124 7130 7135 7141 7147 7153 7159 7166 7173 7180 7188 7196 7204 7213 7222 7231 7241 7251 7261 7271 7281 7291
-9 7006 7006 7006 7006 7006 7006 7006 7006 7006 7006 7006 7006 7007 7007 7007 7006 7006 7007 7007 7008 7008 7008 7008 7008 7008 7007 7007 7007 7007 7008 7008 7009 7010 7011 7013 7016 7018 7021 7024 7027 7031 7035 7039 7043 7047 7052 7057 7062 7067 7072 7078 7083 7088 7094 7099 7105 7110 7116 7121 7127 7132 7138 7143 7148 7154 7160 7166 7172 7178 7185 7192 7199 7207 7215 7223 7232 7241 7250 7259 7269 7278 7288 7297
-9 7007 7007 7007 7007 7007 7007 7007 7006 7006 7007 7007 7007 7007 7008 7009 7009 7010 7008 7009 7009 7010 7010 7010 7011 7011 7011 7012 7012 7013 7013 7014 7015 7017 7019 7021 7023 7026 7029 7033 7036 7040 7044 7049 7053 7058 7063 7068 7073 7079 7084 7090 7095 7101 7107 7113 7118 7124 7130 7135 7141 7146 7152 7157 7163 7168 7174 7179 7185 7192 7198 7205 7212 7219 7226 7234 7243 7251 7260 7268 7277 7286 7296 7305
-9 7008 7008 7008 7008 7007 7007 7007 7007 7007 7007 7007 7008 7008 7009 7009 7010 7011 7012 7013 7014 7011 7012 7013 7014 7014 7015 7016 7017 7018 7019 7020 7022 7024 7026 7029 7031 7035 7038 7042 7046 7050 7054 7059 7064 7069 7074 7080 7085 7091 7097 7103 7109 7115 7121 7127 7133 7138 7144 7150 7156 7161 7167 7172 7178 7183 7189 7194 7200 7206 7212 7218 7225 7232 7239 7246 7254 7262 7270 7278 7287 7295 7304 7313
-9 7010 7009 7008 7008 7008 7008 7008 7007 7007 7007 7008 7008 7008 7009 7010 7011 7012 7013 7014 7015 7016 7017 7015 7016 7017 7019 7020 7021 7023 7025 7027 7029 7031 7034 7037 7040 7044 7047 7052 7056 7060 7065 7070 7075 7081 7086 7092 7098 7104 7110 7116 7123 7129 7135 7141 7148 7154 7160 7166 7171 7177 7183 7188 7193 7199 7204 7210 7215 7221 7227 7233 7239 7245 7252 7259 7266 7274 7281 7289 7297 7305 7313 7321
-9 7011 7011 7011 7011 7009 7008 7008 7008 7008 7008 7008 7008 7008 7009 7010 7011 7012 7013 7015 7016 7018 7019 7021 7022 7021 7022 7024 7026 7028 7030 7033 7035 7038 7042 7045 7049 7053 7057 7062 7066 7071 7076 7082 7087 7093 7099 7105 7111 7118 7124 7131 7137 7144 7150 7157 7163 7170 7176 7182 7188 7194 7199 7205 7210 7216 7221 7226 7231 7237 7242 7248 7254 7260 7266 7273 7279 7286 7293 7300 7308 7315 7323 7331
-9 7013 7013 7012 7012 7012 7012 7008 7008 7008 7008 7008 7008 7008 7009 7010 7011 7012 7014 7015 7017 7019 7021 7023 7024 7026 7026 7028 7030 7033 7036 7039 7042 7046 7049 7053 7058 7062 7067 7072 7077 7083 7088 7093 7099 7106 7112 7118 7125 7132 7139 7145 7152 7159 7166 7173 7180 7186 7193 7199 7205 7211 7217 7222 7228 7233 7238 7243 7249 7254 7259 7264 7270 7275 7281 7287 7293 7299 7306 7313 7319 7326 7333 7341
-9 7014 7014 7013 7013 7013 7012 7012 7008 7008 7007 7007 7008 7008 7009 7010 7011 7012 7014 7016 7018 7020 7022 7024 7027 7029 7032 7032 7035 7038 7042 7045 7049 7053 7057 7062 7067 7072 7077 7082 7088 7094 7100 7106 7112 7119 7125 7132 7139 7146 7154 7161 7168 7175 7183 7190 7197 7204 7210 7217 7223 7229 7235 7240 7246 7251 7256 7261 7266 7271 7276 7281 7286 7291 7296 7302 7307 7313 7319 7325 7332 7338 7336 7343
-9 7015 7015 7014 7014 7013 7013 7012 7012 7011 7011 7011 7011 7012 7008 7010 7011 7012 7014 7016 7018 7021 7023 7026 7029 7031 7035 7038 7040 7044 7047 7052 7056 7061 7066 7071 7076 7081 7087 7093 7099 7106 7112 7119 7125 7132 7139 7147 7154 7161 7169 7177 7184 7192 7199 7207 7214 7221 7228 7235 7241 7248 7254 7259 7265 7270 7275 7280 7285 7289 7294 7298 7303 7308 7312 7317 7322 7328 7333 7339 7344 7342 7348 7353
-9 7016 7016 7015 7015 7014 7013 7013 7012 7011 7011 7011 7011 7011 7012 7013 7011 7012 7014 7016 7019 7021 7024 7027 7030 7034 7037 7041 7045 7049 7053 7058 7063 7068 7074 7079 7085 7091 7098 7104 7111 7118 7125 7132 7139 7146 7154 7161 7169 7177 7185 7193 7201 7209 7217 7225 7232 7240 7247 7254 7260 7268 7273 7279 7284 7289 7293 7298 7302 7306 7310 7314 7317 7321 7325 7333 7332 7336 7341 7345 7350 7354 7359 7365
-9 7018 7017 7016 7016 7015 7014 7013 7012 7012 7011 7011 7011 7011 7011 7012 7010 7012 7014 7017 7019 7022 7025 7029 7032 7036 7040 7045 7049 7054 7059 7065 7070 7076 7082 7088 7095 7101 7108 7115 7122 7130 7137 7145 7153 7161 7169 7177 7185 7193 7201 7210 7218 7226 7234 7243 7250 7258 7266 7273 7281 7287 7293 7299 7304 7309 7313 7317 7321 7325 7329 7332 7335 7338 7342 7345 7348 7352 7355 7359 7363 7367 7372 7376
-9 7019 7018 7018 7017 7016 7015 7013 7013 7012 7011 7011 7010 7011 7011 7012 7013 7012 7015 7017 7020 7023 7027 7030 7034 7039 7043 7048 7053 7058 7066 7072 7078 7084 7091 7097 7104 7112 7119 7127 7134 7142 7150 7158 7167 7175 7184 7192 7201 7209 7218 7227 7235 7244 7253 7261 7269 7277 7285 7292 7301 7307 7313 7319 7324 7329 7333 7337 7341 7345 7348 7351 7354 7356 7359 7362 7364 7367 7370 7373 7377 7381 7384 7388
-9 7021 7020 7019 7018 7017 7015 7014 7013 7012 7011 7011 7010 7010 7011 7012 7013 7013 7015 7018 7021 7025 7028 7032 7037 7041 7046 7052 7057 7063 7072 7079 7085 7092 7100 7107 7115 7122 7130 7138 7146 7155 7163 7172 7181 7191 7199 7208 7217 7226 7235 7244 7253 7262 7271 7280 7288 7296 7304 7312 7321 7328 7334 7339 7345 7349 7354 7358 7361 7364 7367 7370 7372 7375 7377 7379 7381 7383 7386 7388 7391 7394 7397 7401
-9 7022 7021 7020 7019 7018 7016 7015 7014 7012 7012 7011 7010 7010 7011 7012 7013 7014 7016 7019 7022 7026 7030 7035 7039 7044 7050 7056 7062 7068 7079 7086 7093 7101 7109 7117 7125 7133 7142 7150 7159 7168 7177 7186 7196 7206 7215 7224 7233 7243 7252 7262 7271 7280 7289 7299 7307 7316 7324 7332 7339 7348 7354 7359 7364 7369 7374 7378 7381 7384 7387 7389 7391 7393 7395 7396 7398 7400 7402 7404 7406 7408 7411 7414
-9 7024 7023 7022 7020 7019 7017 7016 7014 7013 7012 7011 7011 7011 7011 7012 7013 7015 7017 7020 7024 7028 7032 7037 7042 7048 7054 7060 7067 7074 7086 7094 7102 7110 7118 7127 7136 7145 7154 7163 7172 7181 7191 7201 7211 7222 7231 7241 7250 7260 7270 7279 7289 7299 7308 7318 7327 7335 7344 7352 7359 7369 7375 7379 7385 7390 7394 7399 7402 7405 7407 7409 7410 7412 7413 7419 7421 7423 7425 7419 7421 7422 7424 7427
-9 7026 7025 7023 7022 7020 7019 7017 7015 7014 7013 7012 7011 7011 7012 7012 7014 7016 7019 7022 7026 7030 7035 7040 7046 7052 7058 7065 7072 7079 7094 7102 7111 7119 7128 7138 7147 7156 7166 7176 7185 7195 7205 7216 7226 7238 7248 7257 7267 7277 7287 7297 7307 7317 7327 7337 7346 7355 7364 7372 7379 7390 7396 7400 7405 7410 7415 7419 7422 7425 7427 7428 7430 7431 7435 7437 7438 7440 7441 7443 7444 7437 7438 7440
-9 7028 7027 7025 7024 7022 7020 7018 7017 7015 7014 7013 7012 7012 7012 7013 7016 7018 7021 7025 7029 7033 7038 7044 7050 7056 7063 7070 7078 7086 7102 7111 7120 7129 7139 7148 7158 7168 7178 7189 7199 7209 7220 7231 7241 7254 7264 7274 7285 7295 7305 7316 7326 7336 7346 7356 7365 7374 7383 7392 7399 7410 7417 7420 7425 7430 7435 7439 7443 7445 7447 7448 7449 7452 7453 7454 7455 7456 7457 7458 7459 7460 7462 7464
-9 7030 7029 7027 7026 7021 7019 7018 7016 7015 7014 7013 7013 7014 7015 7016 7018 7021 7024 7028 7032 7037 7042 7048 7054 7061 7068 7076 7084 7101 7110 7120 7129 7139 7149 7160 7170 7181 7191 7202 7213 7224 7235 7246 7257 7270 7281 7291 7302 7312 7323 7334 7344 7354 7365 7375 7384 7394 7403 7411 7419 7427 7434 7440 7445 7450 7455 7459 7462 7465 7467 7468 7470 7471 7471 7472 7472 7473 7473 7474 7474 7475 7476 7477
-9 7029 7028 7027 7025 7023 7022 7020 7019 7017 7017 7016 7016 7016 7017 7019 7021 7024 7027 7031 7035 7041 7046 7052 7059 7066 7074 7082 7091 7110 7119 7129 7139 7150 7160 7171 7182 7193 7205 7216 7227 7239 7250 7262 7273 7287 7297 7308 7319 7330 7341 7351 7362 7373 7383 7393 7403 7413 7422 7431 7439 7446 7453 7459 7465 7470 7474 7478 7481 7484 7485 7487 7488 7489 7489 7489 7489 7489 7489 7489 7489 7489 7490 7490
-9 7032 7031 7029 7028 7026 7024 7023 7021 7020 7019 7019 7019 7019 7020 7022 7024 7027 7031 7035 7040 7045 7051 7057 7064 7072 7080 7089 7108 7118 7128 7139 7149 7160 7172 7183 7195 7206 7218 7230 7241 7253 7265 7277 7289 7303 7314 7325 7336 7347 7358 7369 7380 7391 7402 7412 7422 7432 7441 7450 7458 7466 7472 7479 7484 7489 7494 7497 7500 7502 7504 7505 7506 7506 7506 7506 7506 7505 7505 7504 7504 7504 7504 7504
-9 7035 7034 7032 7031 7029 7028 7026 7025 7023 7023 7022 7022 7023 7024 7025 7028 7031 7035 7039 7044 7050 7056 7063 7070 7078 7087 7096 7117 7127 7138 7149 7160 7171 7183 7195 7207 7219 7231 7244 7256 7268 7280 7293 7307 7319 7330 7341 7353 7364 7375 7387 7398 7409 7419 7430 7440 7450 7459 7468 7477 7484 7491 7498 7503 7508 7512 7516 7519 7521 7522 7523 7524 7524 7524 7523 7522 7521 7520 7520 7519 7518 7518 7517
-9 7038 7037 7036 7034 7033 7031 7030 7028 7027 7026 7026 7026 7026 7028 7029 7032 7035 7039 7044 7049 7055 7061 7068 7076 7085 7094 7115 7125 7136 7147 7159 7170 7182 7195 7207 7220 7232 7245 7257 7270 7283 7295 7308 7323 7334 7346 7358 7369 7381 7392 7404 7415 7426 7437 7448 7458 7468 7477 7486 7495 7503 7510 7516 7521 7526 7530 7534 7537 7539 7540 7541 7541 7541 7540 7539 7538 7537 7536 7535 7533 7532 7531 7531
-9 7042 7041 7040 7038 7037 7035 7033 7032 7031 7030 7030 7030 7030 7032 7034 7036 7040 7044 7049 7054 7060 7067 7075 7083 7091 7113 7124 7134 7145 7157 7169 7181 7193 7206 7219 7232 7245 7258 7271 7284 7297 7310 7326 7338 7350 7362 7373 7385 7397 7409 7420 7432 7443 7454 7465 7475 7485 7495 7504 7512 7520 7527 7534 7539 7544 7548 7552 7554 7556 7557 7558 7558 7558 7557 7556 7554 7553 7551 7549 7548 7546 7545 7544
-9 7046 7045 7044 7042 7041 7040 7039 7038 7038 7038 7038 7039 7035 7036 7038 7041 7045 7049 7054 7060 7066 7073 7081 7090 7112 7122 7132 7143 7155 7167 7179 7192 7205 7218 7231 7244 7258 7271 7285 7298 7312 7325 7341 7353 7365 7377 7389 7401 7413 7425 7436 7448 7459 7471 7482 7492 7502 7512 7521 7530 7547 7554 7551 7556 7561 7565 7569 7571 7573 7574 7575 7574 7574 7573 7571 7570 7568 7566 7564 7562 7561 7559 7558
-9 7050 7049 7048 7047 7046 7045 7044 7043 7043 7043 7043 7044 7046 7048 7051 7055 7059 7055 7060 7066 7072 7080 7088 7110 7120 7130 7141 7152 7164 7177 7189 7202 7216 7229 7243 7257 7271 7285 7298 7312 7326 7339 7355 7368 7380 7392 7404 7416 7428 7440 7452 7464 7475 7487 7498 7508 7519 7528 7538 7557 7565 7572 7578 7583 7587 7591 7594 7595 7596 7597 7591 7590 7590 7589 7587 7585 7583 7581 7579 7577 7575 7573 7571
-9 7055 7054 7053 7052 7051 7050 7049 7049 7048 7048 7049 7050 7052 7054 7057 7061 7066 7071 7077 7084 7091 7100 7108 7118 7128 7139 7150 7162 7174 7187 7200 7213 7227 7241 7255 7269 7283 7298 7312 7326 7340 7357 7370 7382 7395 7407 7419 7431 7444 7456 7468 7479 7491 7502 7514 7524 7535 7544 7554 7574 7582 7589 7595 7600 7604 7608 7611 7612 7613 7613 7613 7606 7605 7604 7602 7600 7598 7596 7593 7591 7588 7586 7585
-9 7060 7060 7059 7058 7057 7056 7055 7054 7054 7054 7055 7056 7058 7060 7064 7068 7072 7078 7084 7091 7099 7107 7117 7126 7137 7148 7159 7171 7184 7197 7210 7224 7238 7253 7267 7282 7296 7311 7325 7339 7358 7371 7384 7396 7409 7421 7434 7446 7458 7471 7483 7495 7506 7518 7529 7540 7550 7560 7569 7578 7598 7605 7611 7617 7621 7624 7627 7629 7630 7630 7629 7621 7620 7619 7617 7615 7612 7610 7607 7605 7602 7600 7598
-9 7066 7065 7064 7063 7062 7061 7061 7060 7060 7060 7061 7062 7064 7067 7070 7074 7079 7085 7092 7099 7107 7115 7125 7135 7146 7157 7169 7181 7194 7207 7221 7235 7250 7264 7279 7294 7309 7323 7345 7358 7371 7384 7397 7410 7423 7435 7448 7460 7473 7485 7497 7509 7521 7533 7544 7555 7565 7575 7584 7593 7614 7621 7627 7632 7637 7640 7643 7645 7645 7645 7645 7643 7635 7634 7632 7629 7627 7624 7621 7619 7616 7614 7612
-9 7071 7071 7070 7069 7068 7067 7067 7066 7066 7067 7067 7069 7071 7074 7077 7082 7087 7093 7099 7107 7115 7124 7133 7144 7155 7166 7178 7191 7204 7218 7232 7246 7261 7276 7291 7306 7330 7344 7358 7371 7385 7398 7411 7424 7437 7449 7462 7475 7487 7499 7512 7524 7536 7547 7558 7569 7580 7590 7599 7608 7616 7636 7643 7648 7652 7656 7658 7660 7661 7661 7660 7658 7650 7648 7646 7644 7641 7638 7635 7633 7630 7627 7625
-9 7077 7077 7076 7075 7074 7074 7073 7073 7073 7073 7074 7076 7078 7081 7085 7089 7094 7100 7107 7115 7123 7132 7142 7153 7164 7176 7188 7201 7215 7228 7243 7257 7272 7288 7314 7328 7343 7357 7371 7384 7398 7411 7424 7437 7450 7463 7476 7489 7501 7513 7526 7538 7550 7561 7573 7584 7594 7604 7613 7622 7630 7637 7658 7663 7667 7671 7673 7675 7676 7676 7675 7673 7671 7662 7660 7658 7655 7652 7649 7646 7644 7641 7638
-9 7085 7085 7085 7081 7081 7080 7080 7080 7080 7080 7081 7083 7085 7088 7092 7097 7102 7109 7116 7123 7132 7141 7151 7162 7174 7186 7198 7211 7225 7239 7254 7269 7297 7311 7326 7340 7355 7369 7383 7397 7411 7424 7438 7451 7464 7477 7490 7502 7515 7527 7540 7552 7564 7575 7587 7597 7608 7618 7627 7636 7644 7651 7658 7677 7682 7685 7688 7689 7690 7690 7689 7688 7686 7676 7674 7672 7669 7666 7663 7660 7657 7654 7652
