input/I57/I57_500yr24ha.asc
ncols        301
nrows        195
xllcorner    -92.313182000000
yllcorner    35.829066000000
cellsize     0.008333000000
NODATA_value -9
[rows 105 to 139 of 195, columns 79 to 157 of 301]
10011 10015 10019 10023 10027 10031 10036 10042 10047 10054 10065 10072 10079 10086 10094 10103 10111 10120 10130 10139 10149 10160 10170 10181 10192 10203 10214 10225 10237 10249 10262 10275 10287 10299 10311 10324 10336 10348 10361 10373 10386 10398 10410 10422 10434 10446 10458 10469 10481 10492 10503 10514 10526 10537 10548 10559 10570 10581 10592 10603 10614 10625 10637 10648 10659 10671 10679 10690 10702 10714 10725 10737 10749 10762 10774 10786 10803 10815 10828
10026 10030 10034 10038 10042 10046 10051 10056 10062 10068 10075 10082 10093 10100 10108 10116 10125 10134 10143 10152 10162 10172 10182 10192 10203 10214 10225 10236 10247 10258 10272 10283 10295 10307 10319 10331 10343 10355 10367 10378 10390 10402 10414 10425 10437 10448 10459 10470 10481 10492 10502 10513 10524 10534 10545 10555 10566 10576 10587 10598 10608 10619 10630 10641 10651 10659 10670 10682 10693 10704 10716 10727 10739 10751 10763 10775 10787 10799 10816
10041 10045 10048 10052 10056 10061 10066 10071 10076 10082 10089 10096 10103 10110 10118 10127 10138 10147 10156 10165 10174 10184 10194 10204 10214 10225 10235 10246 10257 10270 10281 10292 10303 10315 10326 10338 10349 10360 10372 10383 10394 10406 10417 10428 10439 10449 10460 10470 10481 10491 10501 10511 10521 10531 10541 10551 10561 10571 10581 10592 10602 10612 10622 10633 10643 10651 10662 10672 10683 10694 10705 10717 10728 10740 10751 10763 10775 10787 10799
10056 10059 10063 10067 10071 10075 10080 10085 10091 10097 10103 10110 10117 10124 10132 10140 10149 10158 10168 10177 10187 10196 10206 10215 10225 10235 10246 10256 10268 10279 10290 10300 10311 10322 10333 10344 10355 10366 10377 10388 10398 10409 10420 10430 10440 10451 10461 10470 10480 10490 10500 10509 10519 10528 10538 10547 10556 10566 10576 10585 10595 10605 10615 10625 10632 10642 10652 10663 10673 10684 10695 10706 10717 10728 10739 10751 10763 10774 10786
10071 10074 10078 10081 10085 10090 10094 10100 10105 10111 10117 10124 10130 10138 10145 10153 10162 10170 10179 10190 10199 10208 10217 10226 10237 10247 10257 10267 10277 10288 10298 10309 10319 10329 10340 10350 10361 10371 10382 10392 10402 10412 10422 10432 10442 10451 10461 10470 10479 10488 10497 10506 10515 10524 10533 10542 10551 10560 10569 10578 10588 10597 10606 10613 10623 10633 10643 10653 10663 10673 10684 10694 10705 10716 10727 10738 10749 10761 10773
10085 10089 10092 10096 10100 10104 10109 10114 10119 10125 10131 10137 10144 10151 10159 10167 10175 10183 10192 10200 10210 10219 10228 10237 10247 10257 10267 10277 10286 10296 10306 10316 10326 10336 10346 10356 10366 10376 10386 10396 10405 10415 10424 10434 10443 10452 10461 10469 10478 10487 10495 10503 10512 10520 10529 10537 10545 10554 10562 10571 10580 10589 10598 10604 10614 10623 10633 10642 10652 10662 10672 10682 10693 10703 10714 10725 10736 10747 10758
10100 10103 10106 10110 10114 10118 10123 10128 10133 10139 10145 10151 10157 10164 10172 10179 10187 10195 10204 10212 10221 10230 10239 10248 10257 10267 10276 10286 10295 10305 10314 10324 10334 10343 10353 10362 10371 10381 10390 10399 10408 10417 10426 10435 10444 10452 10460 10468 10476 10484 10492 10500 10508 10516 10524 10531 10539 10547 10555 10563 10572 10580 10587 10595 10604 10613 10622 10631 10641 10650 10660 10670 10680 10690 10700 10711 10722 10733 10744
10114 10117 10121 10124 10128 10132 10137 10142 10147 10152 10158 10164 10171 10178 10185 10192 10200 10208 10216 10224 10232 10241 10250 10259 10268 10277 10286 10295 10304 10313 10322 10331 10340 10349 10358 10367 10376 10385 10394 10403 10411 10420 10428 10436 10444 10452 10459 10467 10474 10482 10489 10496 10504 10511 10518 10525 10533 10540 10548 10555 10563 10569 10577 10585 10594 10602 10611 10620 10629 10638 10647 10657 10666 10676 10686 10697 10707 10718 10729
10129 10132 10135 10138 10142 10146 10151 10155 10160 10166 10171 10177 10184 10190 10197 10204 10212 10220 10227 10235 10244 10252 10260 10269 10277 10286 10295 10303 10312 10321 10330 10338 10347 10355 10364 10372 10381 10389 10397 10405 10413 10421 10429 10437 10444 10451 10458 10465 10472 10479 10486 10492 10499 10506 10512 10519 10526 10533 10540 10547 10553 10560 10568 10575 10583 10591 10600 10608 10616 10625 10634 10643 10653 10662 10672 10682 10692 10702 10713
10143 10146 10149 10152 10156 10160 10164 10169 10174 10179 10185 10190 10197 10203 10210 10217 10224 10231 10239 10246 10254 10262 10270 10279 10287 10295 10303 10312 10320 10328 10337 10345 10353 10361 10369 10377 10385 10393 10400 10408 10415 10423 10430 10437 10444 10450 10457 10463 10469 10476 10482 10488 10494 10500 10506 10512 10519 10525 10530 10537 10544 10550 10558 10565 10572 10580 10588 10596 10604 10612 10621 10630 10638 10648 10657 10667 10676 10686 10697
10157 10160 10163 10166 10170 10174 10178 10182 10187 10192 10197 10203 10209 10215 10222 10228 10235 10243 10250 10257 10265 10272 10279 10287 10296 10304 10312 10320 10328 10335 10343 10351 10359 10366 10374 10381 10389 10396 10403 10410 10417 10424 10430 10437 10443 10449 10455 10461 10466 10472 10477 10483 10489 10494 10500 10505 10511 10515 10522 10528 10534 10541 10547 10554 10561 10568 10576 10583 10591 10599 10607 10615 10624 10633 10642 10651 10660 10670 10680
10171 10174 10177 10180 10183 10187 10191 10195 10200 10205 10210 10216 10221 10227 10234 10240 10247 10254 10261 10268 10274 10281 10288 10295 10303 10310 10317 10325 10335 10342 10350 10357 10364 10371 10378 10385 10392 10399 10405 10412 10418 10424 10430 10436 10442 10447 10453 10458 10463 10468 10473 10478 10483 10488 10493 10498 10502 10507 10513 10518 10524 10530 10537 10543 10549 10556 10563 10570 10577 10585 10593 10601 10609 10617 10626 10635 10644 10653 10663
10185 10187 10190 10193 10196 10200 10204 10208 10213 10217 10222 10228 10233 10239 10245 10251 10258 10264 10271 10277 10283 10290 10297 10304 10311 10318 10325 10331 10338 10345 10355 10362 10369 10376 10382 10389 10395 10401 10407 10413 10419 10424 10430 10435 10440 10445 10450 10454 10459 10464 10468 10472 10477 10481 10486 10490 10494 10499 10504 10509 10514 10520 10525 10531 10537 10544 10550 10557 10564 10571 10578 10586 10594 10602 10610 10619 10627 10636 10646
10198 10201 10203 10206 10209 10213 10217 10221 10225 10230 10234 10239 10245 10250 10256 10262 10268 10274 10281 10286 10292 10299 10305 10312 10318 10325 10331 10338 10344 10351 10357 10367 10373 10380 10386 10392 10397 10403 10409 10414 10419 10424 10429 10434 10438 10443 10447 10451 10455 10459 10463 10467 10470 10474 10478 10482 10485 10490 10494 10499 10504 10509 10514 10520 10525 10531 10537 10543 10550 10556 10563 10571 10578 10586 10594 10602 10610 10619 10628
10212 10214 10216 10219 10222 10225 10229 10233 10237 10241 10246 10251 10256 10261 10267 10272 10278 10284 10290 10295 10301 10307 10313 10319 10325 10331 10338 10344 10350 10356 10362 10368 10377 10383 10389 10394 10399 10405 10410 10415 10419 10424 10428 10432 10436 10440 10444 10447 10450 10454 10457 10460 10464 10467 10470 10474 10477 10481 10485 10489 10493 10498 10503 10507 10513 10518 10524 10529 10535 10542 10548 10555 10562 10569 10577 10585 10593 10601 10610
10225 10227 10229 10232 10234 10238 10241 10245 10249 10253 10257 10262 10267 10272 10277 10282 10288 10294 10300 10303 10309 10314 10320 10326 10332 10338 10343 10349 10355 10360 10366 10376 10381 10386 10391 10396 10401 10406 10410 10415 10419 10423 10427 10430 10434 10437 10440 10443 10446 10448 10451 10454 10457 10460 10462 10465 10468 10471 10475 10478 10482 10486 10491 10495 10500 10505 10510 10515 10521 10527 10533 10539 10546 10553 10560 10567 10575 10583 10591
10237 10239 10241 10244 10246 10249 10253 10256 10260 10264 10268 10272 10277 10282 10287 10292 10297 10303 10308 10311 10316 10322 10327 10332 10338 10343 10349 10354 10359 10365 10370 10379 10384 10389 10394 10398 10402 10406 10410 10414 10418 10421 10425 10428 10431 10433 10436 10438 10441 10443 10445 10447 10450 10452 10454 10457 10459 10462 10465 10468 10471 10475 10479 10483 10487 10491 10496 10501 10506 10512 10517 10523 10530 10536 10543 10550 10557 10565 10573
10250 10251 10253 10255 10258 10261 10264 10267 10271 10274 10278 10282 10286 10291 10296 10301 10306 10311 10316 10318 10323 10328 10333 10338 10343 10349 10354 10359 10363 10368 10378 10382 10387 10391 10395 10399 10403 10407 10410 10414 10417 10420 10422 10425 10427 10429 10431 10433 10435 10437 10439 10440 10442 10444 10446 10448 10449 10452 10454 10457 10460 10463 10466 10470 10474 10478 10482 10487 10491 10496 10502 10507 10513 10519 10526 10532 10539 10546 10554
10261 10264 10265 10267 10269 10272 10275 10277 10280 10284 10287 10291 10295 10299 10305 10310 10314 10319 10320 10325 10330 10334 10339 10344 10349 10353 10358 10363 10367 10371 10381 10385 10389 10393 10397 10400 10403 10407 10410 10413 10415 10418 10420 10422 10424 10425 10427 10428 10430 10431 10432 10433 10434 10436 10437 10438 10440 10442 10444 10446 10449 10451 10454 10457 10461 10464 10468 10472 10476 10481 10486 10491 10497 10502 10508 10515 10521 10528 10535
10273 10275 10276 10278 10280 10282 10284 10287 10290 10293 10296 10300 10303 10307 10311 10315 10319 10323 10327 10331 10336 10340 10345 10349 10353 10358 10362 10366 10370 10374 10383 10387 10391 10394 10397 10401 10403 10406 10409 10411 10413 10415 10417 10418 10420 10421 10422 10423 10424 10424 10425 10426 10427 10427 10428 10429 10430 10432 10433 10435 10437 10439 10442 10444 10447 10450 10454 10458 10461 10466 10470 10475 10480 10485 10491 10497 10503 10509 10516
10284 10285 10286 10288 10290 10292 10294 10296 10299 10302 10305 10308 10311 10314 10318 10322 10326 10329 10333 10337 10341 10345 10349 10353 10357 10361 10365 10369 10373 10376 10380 10389 10392 10395 10398 10400 10403 10405 10407 10409 10411 10412 10414 10415 10416 10416 10417 10417 10418 10418 10418 10418 10418 10419 10419 10420 10420 10421 10423 10424 10425 10427 10429 10431 10434 10437 10440 10443 10446 10450 10454 10459 10463 10468 10473 10479 10485 10491 10497
10294 10295 10296 10297 10299 10301 10303 10305 10307 10310 10313 10315 10319 10322 10325 10328 10332 10336 10339 10343 10346 10350 10354 10358 10361 10365 10368 10372 10375 10378 10381 10390 10393 10395 10398 10400 10402 10404 10406 10407 10408 10409 10410 10411 10411 10411 10411 10411 10411 10411 10411 10410 10410 10410 10410 10410 10410 10411 10412 10413 10414 10415 10417 10418 10421 10423 10425 10428 10431 10435 10438 10442 10447 10451 10456 10461 10466 10472 10478
10304 10304 10305 10306 10308 10309 10311 10313 10315 10318 10320 10323 10326 10328 10331 10335 10338 10341 10344 10348 10351 10354 10358 10361 10364 10368 10371 10374 10377 10380 10382 10391 10393 10395 10397 10399 10401 10402 10403 10404 10405 10406 10406 10406 10406 10406 10406 10405 10405 10404 10403 10403 10402 10401 10401 10400 10400 10400 10401 10401 10402 10403 10404 10405 10407 10409 10411 10414 10416 10419 10422 10426 10430 10434 10438 10443 10448 10453 10459
10313 10313 10314 10315 10316 10317 10319 10321 10323 10325 10327 10329 10332 10335 10337 10340 10343 10346 10349 10352 10355 10358 10361 10364 10367 10370 10373 10376 10378 10381 10383 10391 10393 10395 10397 10398 10399 10400 10401 10402 10402 10402 10402 10402 10401 10401 10400 10399 10398 10397 10396 10395 10393 10392 10391 10391 10390 10389 10390 10390 10390 10391 10391 10392 10394 10395 10397 10399 10401 10404 10407 10410 10413 10417 10421 10425 10430 10434 10440
10322 10322 10322 10323 10324 10325 10326 10328 10330 10332 10334 10336 10338 10340 10343 10345 10348 10351 10353 10356 10359 10362 10364 10367 10369 10372 10374 10377 10379 10381 10383 10385 10393 10394 10395 10396 10397 10398 10398 10398 10398 10398 10398 10397 10396 10395 10394 10392 10391 10389 10388 10386 10385 10383 10382 10381 10380 10379 10378 10379 10378 10379 10379 10379 10380 10381 10383 10384 10386 10388 10391 10393 10396 10400 10403 10407 10411 10416 10420
10330 10330 10330 10331 10331 10332 10333 10335 10336 10338 10340 10341 10343 10345 10348 10350 10352 10355 10357 10360 10362 10364 10367 10369 10371 10373 10376 10378 10379 10381 10383 10384 10392 10393 10394 10394 10395 10395 10395 10395 10394 10394 10393 10392 10390 10389 10387 10386 10384 10382 10380 10378 10376 10374 10372 10371 10369 10368 10367 10367 10367 10366 10366 10366 10367 10367 10368 10370 10371 10373 10375 10377 10380 10383 10386 10389 10393 10397 10401
10338 10338 10338 10338 10338 10339 10340 10341 10342 10343 10345 10347 10348 10350 10352 10354 10356 10358 10360 10362 10365 10367 10369 10371 10373 10375 10376 10378 10379 10381 10382 10383 10384 10391 10392 10392 10392 10392 10391 10391 10390 10389 10388 10386 10385 10383 10381 10379 10376 10374 10372 10370 10367 10365 10363 10361 10359 10357 10355 10354 10355 10354 10354 10353 10353 10354 10354 10355 10356 10357 10359 10361 10363 10366 10368 10372 10375 10379 10382
10345 10345 10344 10344 10345 10345 10346 10346 10347 10349 10350 10351 10353 10354 10356 10358 10359 10361 10363 10365 10367 10368 10370 10372 10374 10375 10377 10378 10379 10380 10381 10382 10382 10389 10389 10389 10389 10388 10388 10387 10386 10384 10382 10381 10379 10376 10374 10371 10369 10366 10364 10361 10358 10356 10353 10351 10348 10346 10344 10342 10343 10342 10341 10340 10340 10340 10340 10340 10341 10342 10343 10345 10347 10349 10351 10354 10357 10360 10364
10352 10351 10351 10350 10350 10351 10351 10352 10352 10353 10354 10355 10356 10358 10359 10361 10362 10364 10365 10367 10368 10370 10371 10373 10374 10375 10376 10377 10378 10379 10380 10380 10380 10387 10387 10386 10386 10385 10384 10382 10381 10379 10377 10375 10372 10370 10367 10364 10361 10358 10355 10352 10349 10346 10343 10341 10338 10335 10333 10331 10331 10329 10328 10327 10327 10326 10326 10326 10326 10327 10328 10329 10330 10332 10334 10336 10339 10342 10345
10358 10357 10356 10356 10356 10356 10356 10356 10357 10357 10358 10359 10360 10361 10362 10363 10364 10366 10367 10368 10369 10371 10372 10373 10374 10375 10376 10376 10377 10377 10378 10378 10378 10377 10384 10383 10382 10381 10379 10377 10375 10373 10371 10369 10366 10363 10360 10357 10353 10350 10347 10343 10340 10337 10333 10330 10327 10324 10322 10319 10319 10317 10316 10314 10313 10312 10312 10311 10311 10312 10312 10313 10314 10315 10317 10319 10321 10323 10326
10363 10362 10361 10361 10360 10360 10360 10360 10360 10361 10361 10362 10362 10363 10364 10365 10366 10367 10368 10369 10370 10371 10372 10373 10373 10374 10375 10375 10375 10375 10375 10375 10375 10374 10373 10379 10378 10376 10374 10372 10370 10368 10365 10362 10359 10356 10352 10349 10345 10342 10338 10334 10331 10327 10323 10320 10317 10313 10310 10308 10307 10305 10303 10301 10300 10299 10298 10297 10296 10296 10296 10297 10297 10298 10300 10301 10303 10305 10307
10368 10367 10366 10365 10364 10364 10364 10363 10363 10364 10364 10364 10365 10365 10366 10366 10367 10368 10369 10369 10370 10371 10371 10372 10372 10373 10373 10373 10373 10373 10373 10372 10371 10371 10370 10375 10373 10371 10369 10367 10364 10362 10359 10355 10352 10348 10345 10341 10337 10333 10329 10325 10321 10317 10313 10310 10306 10302 10299 10298 10295 10292 10290 10288 10286 10285 10283 10282 10282 10281 10281 10281 10281 10282 10282 10284 10285 10287 10289
10373 10371 10370 10369 10368 10367 10367 10366 10366 10366 10366 10366 10366 10366 10367 10367 10368 10368 10369 10369 10370 10370 10370 10371 10371 10371 10371 10371 10370 10370 10369 10369 10368 10367 10365 10364 10368 10366 10364 10361 10358 10355 10352 10348 10345 10341 10337 10333 10329 10324 10320 10316 10312 10307 10303 10299 10295 10291 10288 10286 10283 10280 10277 10275 10273 10271 10269 10268 10267 10266 10265 10265 10265 10265 10266 10266 10267 10269 10270
10377 10375 10373 10372 10371 10370 10369 10368 10368 10368 10367 10367 10367 10367 10367 10367 10368 10368 10368 10368 10369 10369 10369 10369 10369 10369 10368 10368 10367 10367 10366 10365 10364 10362 10361 10359 10363 10361 10358 10355 10352 10349 10345 10341 10337 10333 10329 10324 10320 10315 10311 10306 10302 10297 10293 10288 10284 10280 10276 10274 10271 10268 10265 10262 10260 10257 10255 10254 10252 10251 10250 10249 10249 10249 10249 10249 10250 10251 10252
10380 10378 10376 10374 10373 10372 10371 10370 10369 10369 10368 10368 10368 10367 10367 10367 10367 10367 10367 10367 10367 10367 10367 10367 10366 10366 10365 10365 10364 10363 10362 10361 10359 10357 10356 10354 10358 10355 10352 10349 10345 10342 10338 10334 10329 10325 10321 10316 10311 10306 10302 10297 10292 10287 10282 10278 10273 10269 10266 10262 10259 10255 10252 10249 10246 10244 10241 10239 10238 10236 10235 10234 10233 10232 10232 10232 10232 10233 10239
