input/I57/I57_500yr24ha.asc
ncols        301
nrows        195
xllcorner    -92.313182000000
yllcorner    35.829066000000
cellsize     0.008333000000
NODATA_value -9
[rows 105 to 139 of 195, columns 158 to 236 of 301]
10841 10854 10867 10880 10893 10906 10919 10933 10946 10959 10972 10979 10992 11005 11018 11031 11043 11056 11069 11081 11094 11106 11118 11130 11142 11154 11165 11176 11187 11197 11208 11217 11227 11236 11245 11253 11261 11269 11276 11283 11290 11296 11302 11308 11313 11318 11322 11319 11323 11327 11330 11333 11336 11338 11340 11342 11343 11345 11346 11346 11347 11347 11347 11347 11346 11345 11345 11344 11342 11341 11340 11339 11337 11336 11335 11334 11333 11332 11331
10829 10841 10854 10867 10880 10893 10906 10919 10932 10945 10952 10965 10978 10991 11004 11016 11029 11042 11054 11067 11079 11092 11104 11116 11128 11140 11151 11162 11173 11183 11194 11204 11213 11222 11231 11240 11248 11256 11263 11270 11277 11283 11289 11295 11300 11297 11302 11306 11310 11314 11317 11320 11323 11326 11328 11330 11332 11333 11334 11335 11335 11336 11336 11336 11336 11335 11334 11334 11333 11332 11331 11330 11329 11328 11327 11326 11325 11324 11323
10812 10828 10841 10853 10866 10879 10892 10905 10918 10930 10938 10951 10963 10976 10989 11001 11014 11027 11039 11052 11064 11077 11089 11101 11113 11125 11136 11147 11158 11169 11179 11189 11199 11208 11217 11225 11234 11241 11249 11256 11263 11269 11275 11273 11278 11283 11288 11293 11297 11301 11304 11307 11310 11313 11315 11317 11319 11321 11322 11323 11324 11324 11325 11325 11325 11324 11324 11323 11323 11322 11321 11320 11319 11319 11318 11317 11317 11316 11315
10798 10810 10823 10839 10852 10864 10877 10890 10903 10915 10923 10935 10948 10961 10973 10986 10999 11011 11024 11036 11049 11061 11073 11085 11097 11109 11121 11132 11143 11153 11164 11174 11183 11193 11202 11210 11219 11227 11234 11241 11248 11246 11252 11258 11264 11269 11274 11279 11283 11287 11291 11294 11297 11300 11302 11305 11307 11308 11310 11311 11312 11312 11313 11313 11313 11313 11313 11313 11312 11312 11311 11311 11310 11309 11309 11308 11308 11308 11307
10784 10796 10808 10820 10837 10849 10862 10874 10887 10894 10907 10919 10932 10945 10957 10970 10982 10995 11007 11020 11032 11045 11057 11069 11081 11093 11104 11115 11126 11137 11147 11158 11167 11177 11186 11194 11203 11211 11209 11217 11224 11230 11237 11243 11249 11254 11259 11264 11268 11272 11276 11280 11283 11286 11289 11291 11293 11295 11297 11298 11299 11300 11301 11301 11302 11302 11302 11302 11301 11301 11301 11301 11300 11300 11300 11299 11299 11299 11299
10770 10782 10793 10805 10821 10833 10846 10858 10871 10878 10891 10903 10915 10928 10940 10953 10965 10978 10990 11003 11015 11027 11040 11052 11064 11075 11087 11098 11109 11120 11131 11141 11151 11160 11169 11169 11177 11185 11193 11201 11208 11214 11221 11227 11233 11238 11244 11249 11253 11257 11261 11265 11269 11272 11275 11277 11279 11282 11283 11285 11286 11287 11288 11289 11290 11290 11290 11290 11290 11290 11290 11290 11290 11290 11290 11290 11290 11290 11291
10755 10766 10778 10790 10801 10817 10829 10841 10854 10861 10874 10886 10898 10910 10923 10935 10948 10960 10972 10985 10997 11010 11022 11034 11046 11058 11069 11081 11092 11103 11113 11123 11133 11143 11143 11151 11160 11168 11176 11184 11191 11198 11204 11211 11217 11222 11228 11233 11237 11242 11246 11250 11254 11257 11260 11263 11265 11267 11269 11271 11273 11274 11275 11276 11277 11278 11278 11278 11279 11279 11279 11279 11280 11280 11280 11281 11281 11281 11282
10740 10751 10762 10773 10785 10797 10808 10824 10832 10844 10856 10868 10880 10892 10905 10917 10929 10942 10954 10966 10979 10991 11003 11015 11027 11039 11051 11062 11073 11084 11095 11105 11106 11115 11125 11134 11142 11150 11158 11166 11173 11180 11187 11193 11200 11205 11211 11216 11221 11226 11230 11234 11238 11241 11245 11248 11250 11253 11255 11257 11259 11260 11262 11263 11264 11265 11266 11266 11267 11267 11268 11268 11269 11269 11270 11271 11271 11272 11273
10724 10734 10745 10757 10768 10779 10791 10802 10814 10826 10838 10850 10862 10874 10886 10898 10910 10923 10935 10947 10959 10972 10984 10996 11008 11020 11032 11043 11054 11065 11076 11077 11087 11097 11106 11115 11123 11132 11140 11148 11155 11162 11169 11176 11182 11188 11193 11199 11204 11209 11213 11217 11221 11225 11229 11232 11235 11237 11240 11242 11244 11246 11248 11249 11250 11251 11253 11253 11254 11255 11256 11257 11258 11258 11259 11260 11261 11262 11263
10707 10718 10728 10739 10750 10762 10773 10784 10796 10807 10819 10831 10843 10855 10867 10879 10891 10903 10915 10927 10940 10952 10964 10976 10988 11000 11012 11023 11034 11045 11047 11058 11067 11077 11086 11095 11104 11113 11121 11129 11136 11143 11150 11157 11164 11170 11175 11181 11186 11191 11196 11200 11204 11208 11212 11215 11219 11222 11224 11227 11229 11231 11233 11235 11236 11238 11239 11240 11241 11242 11244 11245 11246 11247 11248 11249 11251 11252 11253
10690 10700 10711 10722 10732 10743 10754 10765 10777 10788 10800 10811 10823 10835 10847 10859 10871 10883 10895 10907 10919 10931 10943 10955 10967 10979 10991 11002 11014 11017 11027 11037 11047 11057 11066 11075 11084 11093 11101 11109 11117 11124 11131 11138 11144 11151 11157 11162 11168 11173 11178 11183 11187 11191 11195 11199 11202 11205 11208 11211 11213 11216 11218 11220 11222 11223 11225 11226 11228 11229 11231 11232 11234 11235 11237 11238 11240 11241 11243
10673 10683 10693 10703 10714 10724 10735 10746 10757 10768 10780 10791 10803 10814 10826 10838 10850 10862 10874 10886 10898 10910 10922 10934 10946 10958 10970 10981 10992 10995 11006 11016 11026 11036 11045 11055 11064 11072 11081 11089 11096 11104 11111 11118 11125 11131 11137 11143 11149 11154 11159 11164 11169 11173 11177 11181 11185 11188 11191 11194 11197 11200 11202 11204 11206 11208 11210 11212 11214 11216 11217 11219 11221 11223 11225 11226 11228 11230 11232
10655 10665 10675 10685 10695 10705 10716 10726 10737 10748 10759 10771 10782 10793 10805 10817 10828 10840 10852 10864 10876 10888 10900 10912 10924 10936 10948 10959 10963 10974 10984 10995 11005 11014 11024 11033 11042 11051 11059 11068 11075 11083 11090 11098 11104 11111 11117 11123 11129 11135 11140 11145 11150 11154 11159 11163 11167 11170 11174 11177 11180 11183 11186 11188 11191 11193 11195 11197 11199 11202 11204 11206 11208 11210 11212 11214 11216 11219 11221
10637 10646 10656 10666 10675 10686 10696 10706 10717 10728 10739 10750 10761 10772 10783 10795 10806 10818 10830 10842 10854 10866 10878 10890 10902 10913 10925 10929 10941 10951 10962 10972 10982 10992 11002 11011 11020 11029 11038 11046 11054 11062 11069 11076 11083 11090 11097 11103 11109 11114 11120 11125 11130 11135 11140 11144 11148 11152 11156 11159 11163 11166 11169 11172 11174 11177 11180 11182 11184 11187 11189 11192 11194 11197 11199 11202 11204 11207 11209
10618 10627 10637 10646 10656 10666 10676 10686 10696 10707 10717 10728 10739 10750 10761 10773 10784 10796 10807 10819 10831 10843 10855 10867 10878 10890 10895 10907 10918 10928 10939 10949 10959 10969 10979 10988 10998 11006 11015 11024 11032 11040 11047 11055 11062 11069 11075 11082 11088 11094 11099 11105 11110 11115 11120 11124 11129 11133 11137 11141 11144 11148 11151 11154 11158 11160 11163 11166 11169 11172 11174 11177 11180 11183 11186 11188 11191 11194 11197
10600 10608 10617 10626 10636 10645 10655 10665 10675 10685 10696 10706 10717 10728 10739 10750 10761 10773 10784 10796 10807 10819 10831 10843 10855 10861 10872 10883 10894 10905 10915 10926 10936 10946 10956 10965 10974 10983 10992 11001 11009 11017 11025 11032 11039 11046 11053 11060 11066 11072 11078 11084 11089 11094 11099 11104 11109 11113 11118 11122 11126 11130 11133 11137 11140 11143 11147 11150 11153 11156 11159 11162 11165 11168 11172 11175 11178 11181 11185
10581 10589 10598 10606 10615 10625 10634 10644 10653 10663 10674 10684 10694 10705 10716 10727 10738 10749 10761 10772 10784 10795 10807 10814 10825 10837 10848 10859 10870 10881 10891 10902 10912 10922 10932 10941 10951 10960 10968 10977 10985 10993 11001 11009 11016 11024 11031 11037 11044 11050 11056 11062 11068 11073 11078 11084 11088 11093 11098 11102 11106 11110 11114 11118 11122 11126 11129 11133 11136 11140 11143 11147 11150 11154 11157 11161 11164 11168 11172
10562 10570 10578 10586 10595 10604 10613 10622 10632 10641 10651 10661 10672 10682 10693 10703 10714 10725 10737 10748 10759 10771 10778 10790 10801 10812 10823 10835 10846 10856 10867 10877 10887 10897 10907 10917 10926 10935 10944 10953 10961 10969 10977 10985 10993 11000 11007 11014 11021 11027 11034 11040 11046 11051 11057 11062 11067 11072 11077 11082 11086 11091 11095 11099 11103 11107 11111 11115 11119 11123 11127 11130 11134 11138 11142 11146 11150 11154 11158
10542 10550 10558 10566 10574 10583 10592 10601 10610 10619 10629 10639 10649 10659 10669 10680 10690 10701 10712 10723 10731 10743 10754 10765 10776 10787 10799 10810 10820 10831 10842 10852 10862 10872 10882 10892 10901 10910 10919 10928 10937 10945 10953 10961 10969 10976 10983 10990 10997 11004 11011 11017 11023 11029 11035 11040 11046 11051 11056 11061 11066 11071 11075 11080 11084 11088 11093 11097 11101 11105 11110 11114 11118 11122 11127 11131 11135 11140 11144
10523 10530 10538 10546 10554 10562 10570 10579 10588 10597 10606 10616 10625 10635 10645 10656 10666 10677 10688 10696 10707 10718 10729 10740 10751 10762 10773 10784 10795 10806 10816 10827 10837 10847 10857 10866 10876 10885 10894 10903 10911 10920 10928 10936 10944 10951 10959 10966 10973 10980 10987 10993 11000 11006 11012 11018 11023 11029 11034 11040 11045 11050 11055 11059 11064 11069 11074 11078 11083 11087 11092 11097 11101 11106 11110 11115 11120 11125 11129
10504 10510 10518 10525 10533 10540 10549 10557 10566 10574 10583 10593 10602 10612 10621 10632 10642 10651 10661 10671 10682 10693 10704 10715 10726 10737 10748 10758 10769 10780 10790 10801 10811 10821 10831 10840 10850 10859 10868 10877 10886 10894 10902 10911 10918 10926 10934 10941 10948 10956 10962 10969 10976 10982 10988 10994 11000 11006 11012 11017 11023 11028 11034 11039 11044 11049 11054 11059 11064 11069 11074 11079 11084 11089 11094 11099 11104 11109 11114
10484 10491 10497 10504 10512 10519 10527 10535 10543 10552 10560 10569 10578 10588 10597 10607 10616 10626 10636 10647 10657 10667 10678 10689 10700 10711 10721 10732 10743 10754 10764 10774 10784 10794 10804 10814 10823 10832 10842 10851 10859 10868 10876 10885 10893 10900 10908 10916 10923 10930 10937 10944 10951 10958 10964 10971 10977 10983 10989 10995 11001 11006 11012 11017 11023 11028 11034 11039 11044 11050 11055 11060 11066 11071 11077 11082 11088 11093 11098
10465 10471 10477 10484 10491 10498 10505 10513 10521 10529 10537 10546 10555 10564 10573 10583 10592 10602 10611 10621 10632 10642 10652 10663 10674 10684 10695 10706 10716 10727 10737 10747 10757 10767 10777 10787 10796 10806 10815 10824 10833 10841 10850 10858 10866 10874 10882 10890 10897 10905 10912 10919 10926 10933 10940 10946 10953 10959 10965 10972 10978 10984 10990 10995 11001 11007 11013 11018 11024 11030 11036 11042 11047 11053 11059 11065 11071 11076 11082
10445 10451 10457 10463 10470 10476 10483 10491 10498 10506 10514 10522 10531 10540 10550 10558 10568 10577 10586 10596 10606 10616 10626 10637 10647 10658 10668 10679 10689 10700 10710 10720 10730 10740 10750 10759 10769 10778 10787 10796 10805 10814 10823 10831 10839 10847 10855 10863 10871 10879 10886 10893 10900 10908 10914 10921 10928 10935 10941 10948 10954 10960 10967 10973 10979 10985 10991 10997 11004 11010 11016 11022 11028 11034 11040 11047 11053 11059 11065
10426 10431 10436 10442 10449 10455 10462 10469 10476 10483 10491 10499 10507 10517 10526 10534 10543 10552 10561 10571 10580 10590 10600 10610 10621 10631 10642 10652 10662 10673 10683 10693 10703 10713 10722 10732 10741 10751 10760 10769 10778 10786 10795 10803 10812 10820 10828 10836 10844 10852 10859 10867 10874 10882 10889 10896 10903 10910 10917 10923 10930 10937 10943 10950 10956 10963 10969 10976 10982 10989 10995 11002 11008 11015 11022 11028 11035 11041 11048
10406 10411 10416 10422 10428 10434 10440 10447 10453 10460 10468 10475 10486 10493 10501 10510 10518 10527 10536 10545 10555 10564 10574 10584 10594 10604 10614 10625 10635 10645 10655 10665 10675 10685 10694 10704 10713 10722 10732 10741 10750 10758 10767 10776 10784 10792 10801 10809 10817 10825 10832 10840 10848 10855 10862 10870 10877 10884 10891 10898 10905 10912 10919 10926 10933 10940 10947 10953 10960 10967 10974 10981 10988 10995 11002 11009 11016 11023 11030
10387 10391 10396 10401 10407 10412 10418 10424 10431 10438 10445 10455 10462 10470 10477 10485 10494 10502 10511 10520 10529 10538 10548 10557 10567 10577 10587 10597 10607 10617 10627 10637 10647 10656 10666 10675 10685 10694 10703 10712 10721 10730 10739 10747 10756 10764 10773 10781 10789 10797 10805 10813 10820 10828 10836 10843 10851 10858 10865 10873 10880 10887 10894 10902 10909 10916 10923 10931 10938 10945 10952 10960 10967 10974 10982 10989 10996 11003 11011
10367 10372 10376 10381 10386 10391 10397 10402 10409 10415 10425 10432 10439 10446 10453 10461 10469 10477 10485 10494 10503 10512 10521 10531 10540 10550 10560 10570 10580 10589 10599 10609 10618 10628 10638 10647 10656 10665 10674 10684 10692 10701 10710 10719 10727 10736 10744 10752 10761 10769 10777 10785 10793 10801 10808 10816 10824 10832 10839 10847 10854 10862 10869 10877 10884 10892 10899 10907 10915 10922 10930 10938 10945 10953 10961 10968 10976 10984 10991
10348 10352 10356 10360 10365 10370 10375 10380 10386 10396 10402 10408 10415 10422 10429 10436 10444 10452 10460 10468 10477 10485 10494 10504 10513 10523 10532 10542 10552 10561 10571 10580 10590 10599 10609 10618 10627 10636 10646 10654 10663 10672 10681 10690 10698 10707 10715 10724 10732 10740 10748 10757 10765 10773 10781 10789 10797 10804 10812 10820 10828 10836 10844 10851 10859 10867 10875 10883 10891 10899 10907 10915 10923 10931 10939 10947 10955 10963 10971
10329 10332 10336 10340 10344 10353 10358 10363 10368 10374 10379 10385 10392 10398 10405 10412 10419 10427 10434 10442 10451 10459 10468 10477 10486 10495 10505 10514 10524 10533 10543 10552 10561 10571 10580 10589 10598 10607 10616 10625 10634 10643 10652 10660 10669 10678 10686 10695 10703 10711 10720 10728 10736 10744 10753 10761 10769 10777 10785 10793 10801 10809 10817 10825 10834 10842 10850 10858 10866 10875 10883 10892 10900 10908 10917 10925 10933 10942 10950
10310 10313 10321 10324 10328 10332 10337 10341 10346 10351 10357 10362 10368 10374 10381 10388 10394 10402 10409 10417 10425 10433 10441 10450 10459 10468 10477 10486 10496 10505 10514 10523 10533 10542 10551 10560 10569 10578 10587 10596 10605 10613 10622 10631 10639 10648 10657 10665 10674 10682 10690 10699 10707 10716 10724 10732 10740 10749 10757 10765 10774 10782 10790 10799 10807 10816 10824 10833 10841 10850 10859 10868 10876 10885 10894 10902 10911 10919 10928
10291 10298 10301 10304 10308 10312 10316 10320 10324 10329 10334 10339 10345 10351 10357 10363 10370 10377 10384 10391 10399 10407 10415 10423 10432 10441 10449 10458 10467 10476 10486 10495 10504 10513 10522 10531 10539 10548 10557 10566 10575 10583 10592 10601 10609 10618 10627 10635 10644 10652 10661 10669 10678 10686 10695 10703 10712 10720 10729 10737 10746 10754 10763 10772 10780 10789 10798 10807 10816 10825 10834 10843 10852 10861 10870 10879 10888 10897 10905
10272 10279 10282 10285 10288 10291 10295 10298 10303 10307 10312 10317 10322 10327 10333 10339 10345 10352 10358 10365 10373 10380 10388 10396 10405 10413 10422 10430 10439 10448 10457 10466 10475 10483 10492 10501 10510 10519 10527 10536 10545 10553 10562 10571 10579 10588 10597 10605 10614 10622 10631 10640 10648 10657 10665 10674 10683 10691 10700 10709 10718 10726 10735 10744 10753 10762 10771 10780 10789 10799 10808 10817 10827 10836 10845 10854 10864 10873 10882
10258 10260 10262 10265 10267 10270 10274 10277 10281 10285 10289 10294 10299 10304 10309 10315 10321 10327 10333 10340 10347 10354 10362 10370 10378 10386 10394 10403 10411 10420 10428 10437 10446 10454 10463 10471 10480 10489 10497 10506 10515 10523 10532 10540 10549 10558 10566 10575 10583 10592 10601 10609 10618 10627 10636 10644 10653 10662 10671 10680 10689 10698 10707 10716 10725 10734 10744 10753 10763 10772 10782 10791 10801 10810 10820 10829 10839 10848 10858
10240 10241 10243 10245 10248 10250 10253 10256 10259 10263 10267 10271 10276 10280 10285 10291 10296 10302 10308 10314 10321 10328 10335 10343 10351 10358 10366 10375 10383 10391 10400 10408 10416 10425 10433 10442 10450 10459 10467 10476 10484 10493 10501 10510 10518 10527 10535 10544 10553 10561 10570 10579 10588 10596 10605 10614 10623 10632 10641 10650 10659 10669 10678 10687 10697 10706 10716 10725 10735 10745 10755 10765 10774 10784 10794 10804 10814 10823 10833
