input/I57/I57_010yr24ha.asc
ncols        301
nrows        195
xllcorner    -92.313182000000
yllcorner    35.829066000000
cellsize     0.008333000000
NODATA_value -9
[rows 152 to 189 of 195, columns 168 to 251 of 301]
5314 5314 5314 5314 5314 5314 5314 5315 5316 5317 5318 5319 5320 5322 5324 5325 5327 5329 5332 5334 5336 5338 5340 5343 5345 5347 5349 5351 5354 5356 5358 5360 5362 5364 5366 5369 5371 5373 5375 5377 5380 5382 5385 5387 5390 5392 5395 5398 5401 5404 5407 5410 5414 5417 5421 5425 5429 5433 5437 5442 5446 5451 5456 5462 5467 5473 5479 5485 5491 5497 5504 5510 5517 5523 5530 5536 5542 5548 5554 5559 5564 5569 5573 5577
5315 5315 5314 5314 5314 5314 5314 5315 5315 5316 5317 5318 5319 5321 5322 5324 5326 5328 5330 5332 5334 5336 5338 5340 5342 5344 5347 5349 5351 5353 5355 5357 5359 5361 5364 5366 5368 5370 5372 5374 5377 5379 5382 5384 5387 5389 5392 5395 5398 5401 5404 5407 5411 5414 5418 5422 5426 5430 5434 5439 5444 5449 5454 5459 5464 5470 5476 5482 5488 5494 5501 5507 5514 5520 5527 5533 5539 5545 5550 5556 5561 5566 5570 5574
5316 5316 5315 5315 5314 5314 5314 5315 5315 5315 5316 5317 5318 5319 5321 5322 5324 5326 5328 5330 5331 5334 5336 5338 5340 5342 5344 5346 5348 5350 5352 5354 5356 5358 5360 5362 5365 5367 5369 5371 5373 5376 5378 5381 5383 5386 5389 5392 5395 5398 5401 5404 5408 5411 5415 5419 5423 5427 5431 5436 5441 5446 5451 5456 5462 5467 5473 5479 5485 5491 5498 5504 5511 5517 5524 5530 5536 5542 5547 5553 5558 5562 5567 5571
5318 5317 5316 5315 5315 5315 5314 5314 5315 5315 5315 5316 5317 5318 5319 5321 5322 5324 5325 5327 5329 5331 5333 5335 5337 5339 5341 5343 5345 5347 5349 5351 5353 5355 5357 5359 5361 5363 5366 5368 5370 5372 5375 5377 5380 5383 5385 5388 5391 5394 5398 5401 5404 5408 5412 5416 5420 5424 5429 5433 5438 5443 5448 5453 5459 5464 5470 5476 5482 5489 5495 5501 5508 5514 5521 5527 5533 5539 5544 5549 5554 5559 5563 5567
5319 5318 5317 5316 5316 5315 5315 5314 5314 5314 5315 5315 5316 5317 5318 5319 5320 5322 5323 5325 5326 5328 5330 5332 5334 5336 5338 5339 5341 5343 5345 5347 5349 5351 5353 5355 5358 5360 5362 5364 5366 5369 5371 5374 5376 5379 5382 5385 5388 5391 5394 5398 5401 5405 5409 5413 5417 5421 5426 5430 5435 5440 5445 5450 5456 5462 5467 5473 5480 5486 5492 5499 5505 5511 5518 5524 5530 5536 5541 5546 5551 5556 5560 5563
5321 5319 5318 5317 5316 5315 5315 5314 5314 5314 5314 5314 5314 5315 5316 5317 5318 5319 5321 5322 5324 5325 5327 5329 5331 5332 5334 5336 5338 5340 5342 5344 5346 5348 5350 5352 5354 5356 5358 5360 5363 5365 5367 5370 5373 5375 5378 5381 5384 5387 5391 5394 5398 5402 5405 5409 5414 5418 5422 5427 5432 5437 5442 5448 5453 5459 5465 5471 5477 5483 5489 5496 5502 5509 5515 5521 5527 5533 5538 5543 5548 5552 5556 5560
5322 5321 5319 5318 5317 5316 5315 5314 5314 5313 5313 5313 5313 5313 5314 5315 5316 5317 5318 5319 5321 5322 5324 5325 5327 5329 5331 5332 5334 5336 5338 5340 5342 5344 5346 5348 5350 5352 5354 5356 5359 5361 5364 5366 5369 5372 5374 5377 5381 5384 5387 5391 5394 5398 5402 5406 5410 5415 5419 5424 5429 5434 5439 5445 5450 5456 5462 5468 5474 5480 5487 5493 5499 5506 5512 5518 5524 5529 5535 5540 5544 5549 5553 5556
5324 5322 5321 5319 5318 5316 5315 5314 5313 5312 5312 5312 5312 5312 5312 5313 5313 5314 5315 5316 5318 5319 5320 5322 5324 5325 5327 5328 5330 5332 5334 5336 5338 5339 5341 5343 5346 5348 5350 5352 5354 5357 5359 5362 5365 5368 5370 5373 5377 5380 5383 5387 5391 5395 5399 5403 5407 5412 5416 5421 5426 5431 5436 5442 5447 5453 5459 5465 5471 5477 5484 5490 5496 5503 5509 5515 5521 5526 5532 5536 5541 5545 5549 5552
5326 5324 5322 5320 5318 5317 5315 5314 5313 5312 5311 5310 5310 5310 5310 5310 5311 5312 5312 5313 5314 5316 5317 5318 5320 5321 5323 5324 5326 5328 5330 5331 5333 5335 5337 5339 5341 5343 5345 5348 5350 5353 5355 5358 5360 5363 5366 5369 5373 5376 5380 5383 5387 5391 5395 5399 5404 5408 5413 5418 5423 5428 5433 5439 5445 5450 5456 5462 5468 5475 5481 5487 5494 5500 5506 5512 5518 5523 5528 5533 5538 5542 5545 5549
5328 5325 5323 5321 5319 5317 5315 5314 5312 5311 5310 5309 5308 5308 5308 5308 5308 5309 5309 5310 5311 5312 5313 5314 5316 5317 5319 5320 5322 5323 5325 5327 5329 5331 5332 5334 5337 5339 5341 5343 5346 5348 5351 5353 5356 5359 5362 5365 5369 5372 5376 5379 5383 5387 5391 5396 5400 5405 5410 5415 5420 5425 5431 5436 5442 5448 5453 5459 5466 5472 5478 5484 5491 5497 5503 5509 5514 5520 5525 5530 5534 5538 5542 5545
5329 5327 5324 5322 5320 5317 5315 5313 5312 5310 5309 5308 5307 5306 5306 5306 5306 5306 5306 5307 5308 5308 5309 5310 5312 5313 5314 5316 5317 5319 5321 5322 5324 5326 5328 5330 5332 5334 5336 5338 5341 5343 5346 5349 5352 5355 5358 5361 5364 5368 5372 5375 5379 5384 5388 5392 5397 5402 5407 5412 5417 5422 5428 5433 5439 5445 5451 5457 5463 5469 5475 5482 5488 5494 5500 5506 5511 5517 5522 5526 5530 5534 5538 5541
5331 5328 5326 5323 5320 5318 5315 5313 5311 5309 5308 5306 5305 5304 5303 5303 5303 5303 5303 5303 5304 5305 5305 5306 5307 5309 5310 5311 5313 5314 5316 5317 5319 5321 5323 5325 5327 5329 5331 5334 5336 5339 5341 5344 5347 5350 5353 5357 5360 5364 5367 5371 5375 5380 5384 5389 5393 5398 5403 5408 5414 5419 5425 5430 5436 5442 5448 5454 5460 5466 5472 5479 5485 5491 5497 5503 5508 5513 5518 5523 5527 5530 5534 5537
5333 5330 5327 5324 5321 5318 5315 5313 5311 5308 5306 5305 5303 5302 5301 5300 5300 5300 5300 5300 5300 5301 5301 5302 5303 5304 5305 5307 5308 5309 5311 5313 5314 5316 5318 5320 5322 5324 5326 5329 5331 5334 5337 5339 5342 5345 5349 5352 5356 5359 5363 5367 5372 5376 5380 5385 5390 5395 5400 5405 5411 5416 5422 5427 5433 5439 5445 5451 5457 5463 5470 5476 5482 5488 5494 5499 5505 5510 5514 5519 5523 5527 5530 5533
5335 5331 5328 5325 5322 5318 5315 5313 5310 5307 5305 5303 5301 5300 5299 5298 5297 5296 5296 5296 5296 5297 5297 5298 5299 5300 5301 5302 5303 5305 5306 5308 5309 5311 5313 5315 5317 5319 5321 5324 5326 5329 5332 5335 5338 5341 5344 5348 5351 5355 5359 5363 5368 5372 5377 5381 5386 5391 5397 5402 5407 5413 5419 5424 5430 5436 5442 5448 5454 5461 5467 5473 5479 5485 5490 5496 5501 5506 5511 5515 5519 5523 5526 5528
5337 5333 5329 5326 5322 5319 5315 5312 5309 5306 5304 5301 5299 5298 5296 5295 5294 5293 5293 5293 5293 5293 5293 5294 5294 5295 5296 5297 5298 5300 5301 5303 5304 5306 5308 5310 5312 5314 5317 5319 5321 5324 5327 5330 5333 5336 5340 5343 5347 5351 5355 5359 5364 5368 5373 5378 5383 5388 5393 5399 5404 5410 5416 5422 5428 5433 5440 5446 5452 5458 5464 5470 5476 5482 5487 5493 5498 5503 5507 5511 5515 5518 5521 5524
5338 5334 5330 5326 5323 5319 5315 5312 5308 5305 5302 5300 5298 5295 5294 5292 5291 5290 5289 5289 5289 5289 5289 5289 5290 5291 5292 5293 5294 5295 5296 5298 5300 5301 5303 5305 5307 5309 5312 5314 5317 5319 5322 5325 5328 5332 5335 5339 5343 5347 5351 5355 5360 5364 5369 5374 5380 5385 5390 5396 5401 5407 5413 5419 5425 5431 5437 5443 5449 5455 5461 5467 5473 5478 5484 5489 5494 5499 5503 5507 5511 5514 5517 5520
5340 5336 5331 5327 5323 5319 5315 5311 5308 5304 5301 5298 5296 5293 5291 5290 5288 5287 5286 5285 5285 5285 5285 5285 5286 5286 5287 5288 5289 5290 5292 5293 5295 5296 5298 5300 5302 5304 5307 5309 5312 5315 5317 5321 5324 5327 5331 5334 5338 5343 5347 5351 5356 5361 5366 5371 5376 5382 5387 5393 5398 5404 5410 5416 5422 5428 5434 5440 5446 5452 5458 5464 5469 5475 5480 5486 5491 5495 5499 5503 5507 5510 5513 5515
5341 5337 5332 5328 5323 5319 5315 5311 5307 5303 5300 5297 5294 5291 5289 5287 5285 5284 5283 5282 5281 5281 5281 5281 5281 5282 5283 5284 5285 5286 5287 5288 5290 5292 5294 5295 5298 5300 5302 5305 5307 5310 5313 5316 5319 5323 5326 5330 5334 5338 5343 5347 5352 5357 5362 5368 5373 5378 5384 5390 5396 5401 5407 5413 5419 5425 5431 5437 5443 5449 5455 5461 5466 5472 5477 5482 5487 5491 5495 5499 5502 5505 5508 5510
5343 5338 5333 5328 5324 5319 5315 5310 5306 5302 5299 5295 5292 5289 5287 5284 5283 5281 5280 5279 5278 5277 5277 5277 5277 5278 5278 5279 5280 5281 5283 5284 5285 5287 5289 5291 5293 5295 5298 5300 5303 5306 5309 5312 5315 5319 5322 5326 5330 5335 5339 5344 5349 5354 5359 5364 5370 5375 5381 5387 5393 5399 5405 5411 5417 5423 5429 5434 5440 5446 5452 5458 5463 5468 5474 5478 5483 5487 5491 5495 5498 5501 5503 5505
5344 5339 5334 5329 5324 5319 5315 5310 5306 5301 5297 5294 5290 5287 5284 5282 5280 5278 5277 5275 5275 5274 5274 5273 5274 5274 5274 5275 5276 5277 5278 5280 5281 5283 5285 5287 5289 5291 5293 5296 5299 5301 5304 5308 5311 5315 5318 5322 5327 5331 5336 5340 5345 5350 5356 5361 5367 5372 5378 5384 5390 5396 5402 5408 5414 5420 5426 5432 5438 5443 5449 5455 5460 5465 5470 5475 5479 5483 5487 5490 5493 5496 5499 5501
5345 5340 5335 5330 5324 5319 5314 5310 5305 5300 5296 5292 5289 5285 5282 5280 5277 5275 5274 5272 5271 5271 5270 5270 5270 5270 5270 5271 5272 5273 5274 5276 5277 5279 5281 5282 5285 5287 5289 5292 5294 5297 5300 5304 5307 5311 5315 5319 5323 5327 5332 5337 5342 5347 5353 5358 5364 5370 5375 5381 5387 5393 5399 5405 5411 5417 5423 5429 5435 5441 5446 5451 5457 5462 5467 5471 5475 5479 5483 5486 5489 5492 5494 5496
5346 5341 5335 5330 5325 5319 5314 5309 5304 5300 5295 5291 5287 5284 5280 5278 5275 5273 5271 5270 5268 5267 5267 5266 5266 5266 5267 5267 5268 5269 5270 5272 5273 5275 5277 5279 5281 5283 5285 5288 5291 5294 5297 5300 5303 5307 5311 5315 5320 5324 5329 5334 5339 5344 5350 5355 5361 5367 5373 5379 5385 5391 5397 5403 5409 5415 5421 5426 5432 5438 5443 5448 5454 5458 5463 5468 5472 5475 5479 5482 5485 5487 5489 5491
5347 5342 5336 5330 5325 5319 5314 5309 5304 5299 5294 5290 5286 5282 5279 5276 5273 5271 5269 5267 5266 5265 5264 5263 5263 5263 5263 5264 5265 5266 5267 5268 5270 5271 5273 5275 5277 5279 5282 5284 5287 5290 5293 5297 5300 5304 5308 5312 5316 5321 5326 5331 5336 5341 5347 5353 5358 5364 5370 5376 5382 5388 5394 5400 5406 5412 5418 5424 5429 5435 5440 5446 5450 5455 5460 5464 5468 5471 5475 5478 5480 5482 5484 5486
5348 5342 5336 5331 5325 5319 5314 5308 5303 5298 5293 5289 5284 5280 5277 5274 5271 5268 5266 5264 5263 5262 5261 5260 5260 5260 5260 5261 5261 5262 5263 5265 5266 5268 5270 5272 5274 5276 5278 5281 5284 5287 5290 5293 5297 5301 5305 5309 5313 5318 5323 5328 5333 5339 5344 5350 5356 5362 5368 5374 5380 5386 5392 5398 5404 5410 5416 5421 5427 5432 5438 5443 5447 5452 5456 5460 5464 5468 5471 5473 5476 5478 5480 5481
5349 5343 5337 5331 5325 5319 5313 5308 5302 5297 5292 5287 5283 5279 5275 5272 5269 5266 5264 5262 5261 5259 5258 5258 5257 5257 5257 5258 5258 5259 5260 5262 5263 5265 5267 5269 5271 5273 5275 5278 5281 5284 5287 5290 5294 5298 5302 5306 5311 5315 5320 5325 5331 5336 5342 5348 5354 5360 5366 5372 5378 5384 5390 5396 5402 5408 5413 5419 5424 5430 5435 5440 5444 5449 5453 5457 5461 5464 5467 5469 5472 5473 5475 5476
5349 5343 5337 5331 5325 5319 5313 5308 5302 5297 5291 5287 5282 5278 5274 5270 5267 5265 5262 5260 5258 5257 5256 5255 5255 5255 5255 5255 5256 5257 5258 5259 5260 5262 5264 5266 5268 5270 5273 5275 5278 5281 5284 5288 5291 5295 5299 5304 5308 5313 5318 5323 5328 5334 5340 5345 5351 5357 5363 5369 5376 5382 5388 5394 5399 5405 5411 5416 5422 5427 5432 5437 5441 5446 5450 5454 5457 5460 5463 5465 5467 5469 5471 5472
5350 5344 5338 5332 5325 5319 5313 5307 5302 5296 5291 5286 5281 5277 5273 5269 5266 5263 5260 5258 5256 5255 5254 5253 5253 5252 5252 5253 5253 5254 5255 5256 5258 5259 5261 5263 5265 5268 5270 5273 5276 5279 5282 5285 5289 5293 5297 5301 5306 5311 5316 5321 5326 5332 5338 5343 5349 5355 5361 5367 5373 5380 5386 5391 5397 5403 5409 5414 5419 5425 5429 5434 5439 5443 5447 5450 5454 5456 5459 5461 5463 5465 5466 5467
5351 5344 5338 5332 5325 5319 5313 5307 5301 5296 5290 5285 5280 5276 5272 5268 5264 5261 5259 5257 5255 5253 5252 5251 5250 5250 5250 5250 5251 5252 5253 5254 5255 5257 5259 5261 5263 5265 5268 5270 5273 5276 5279 5283 5287 5291 5295 5299 5304 5309 5314 5319 5324 5330 5336 5341 5347 5353 5359 5365 5372 5378 5384 5389 5395 5401 5406 5412 5417 5422 5427 5431 5436 5440 5444 5447 5450 5453 5455 5457 5459 5461 5462 5463
5351 5345 5338 5332 5326 5319 5313 5307 5301 5295 5290 5284 5279 5275 5271 5267 5263 5260 5258 5255 5253 5252 5250 5249 5249 5248 5248 5248 5249 5250 5251 5252 5253 5255 5257 5259 5261 5263 5266 5268 5271 5274 5277 5281 5285 5289 5293 5297 5302 5307 5312 5317 5322 5328 5334 5340 5345 5351 5358 5364 5370 5376 5382 5387 5393 5399 5404 5409 5415 5420 5424 5429 5433 5437 5440 5444 5447 5449 5452 5454 5455 5456 5458 5458
5352 5345 5339 5332 5326 5319 5313 5307 5301 5295 5289 5284 5279 5274 5270 5266 5262 5259 5256 5254 5252 5250 5249 5248 5247 5247 5247 5247 5247 5248 5249 5250 5251 5253 5255 5257 5259 5261 5264 5266 5269 5272 5275 5279 5283 5287 5291 5295 5300 5305 5310 5315 5321 5326 5332 5338 5344 5350 5356 5362 5368 5374 5380 5385 5391 5397 5402 5407 5412 5417 5422 5426 5430 5434 5437 5441 5443 5446 5448 5450 5451 5452 5453 5454
5352 5346 5339 5333 5326 5320 5313 5307 5301 5295 5289 5284 5278 5274 5269 5265 5262 5258 5255 5253 5251 5249 5247 5246 5246 5245 5245 5245 5246 5246 5247 5248 5250 5251 5253 5255 5257 5259 5262 5265 5267 5270 5274 5277 5281 5285 5289 5294 5298 5303 5308 5313 5319 5324 5330 5336 5342 5348 5354 5360 5366 5372 5378 5383 5389 5395 5400 5405 5410 5415 5419 5423 5427 5431 5434 5437 5440 5442 5444 5446 5447 5448 5449 5450
5353 5347 5340 5333 5327 5320 5313 5307 5301 5295 5289 5283 5278 5273 5269 5265 5261 5258 5255 5252 5250 5248 5246 5245 5244 5244 5244 5244 5244 5245 5246 5247 5248 5250 5252 5253 5256 5258 5260 5263 5266 5269 5272 5276 5279 5283 5288 5292 5297 5302 5307 5312 5317 5323 5329 5335 5340 5346 5352 5358 5364 5370 5376 5382 5387 5393 5398 5403 5408 5412 5417 5421 5425 5428 5431 5434 5437 5439 5441 5442 5444 5444 5445 5446
5354 5347 5341 5334 5327 5320 5314 5307 5301 5295 5289 5283 5278 5273 5269 5264 5260 5257 5254 5251 5249 5247 5246 5244 5243 5243 5243 5243 5243 5244 5245 5246 5247 5249 5250 5252 5254 5256 5259 5262 5264 5267 5271 5274 5278 5282 5286 5291 5295 5300 5305 5310 5316 5321 5327 5333 5339 5345 5351 5357 5363 5368 5374 5380 5385 5391 5396 5401 5405 5410 5414 5418 5422 5425 5428 5431 5433 5435 5437 5439 5440 5441 5441 5441
5355 5348 5341 5335 5328 5321 5314 5308 5301 5295 5289 5283 5278 5273 5268 5264 5260 5257 5254 5251 5248 5246 5245 5244 5243 5242 5242 5242 5242 5243 5244 5245 5246 5247 5249 5251 5253 5255 5258 5260 5263 5266 5269 5273 5277 5281 5285 5289 5294 5299 5304 5309 5315 5320 5326 5332 5338 5343 5349 5355 5361 5367 5372 5378 5383 5389 5394 5398 5403 5407 5412 5415 5419 5422 5425 5428 5430 5432 5434 5435 5436 5437 5437 5437
5356 5349 5342 5335 5328 5322 5315 5308 5302 5295 5289 5284 5278 5273 5268 5264 5260 5256 5253 5250 5248 5246 5244 5243 5242 5241 5241 5241 5241 5242 5243 5244 5245 5246 5248 5250 5252 5254 5257 5259 5262 5265 5268 5272 5276 5279 5284 5288 5293 5298 5303 5308 5313 5319 5325 5330 5336 5342 5348 5354 5360 5365 5371 5376 5382 5387 5392 5396 5401 5405 5409 5413 5416 5419 5422 5425 5427 5428 5430 5431 5432 5433 5433 5433
5357 5350 5343 5336 5329 5322 5316 5309 5302 5296 5290 5284 5278 5273 5268 5264 5260 5256 5253 5250 5248 5246 5244 5243 5241 5241 5240 5240 5241 5241 5242 5243 5244 5246 5247 5249 5251 5253 5256 5258 5261 5264 5267 5271 5274 5278 5283 5287 5292 5296 5301 5307 5312 5318 5323 5329 5335 5341 5347 5352 5358 5364 5369 5375 5380 5385 5390 5394 5399 5403 5406 5410 5413 5416 5419 5421 5423 5425 5426 5427 5428 5429 5429 5429
5358 5351 5344 5337 5330 5323 5316 5310 5303 5297 5290 5284 5279 5274 5269 5264 5260 5256 5253 5250 5248 5245 5244 5242 5241 5240 5240 5240 5240 5241 5241 5242 5243 5245 5246 5248 5250 5252 5255 5257 5260 5263 5266 5270 5274 5277 5282 5286 5291 5295 5300 5306 5311 5317 5322 5328 5334 5339 5345 5351 5357 5362 5368 5373 5378 5383 5388 5392 5396 5400 5404 5407 5411 5413 5416 5418 5420 5421 5423 5424 5424 5425 5425 5425
5359 5352 5345 5338 5331 5324 5317 5310 5304 5297 5291 5285 5279 5274 5269 5265 5260 5257 5253 5250 5248 5245 5244 5242 5241 5240 5240 5240 5240 5240 5241 5242 5243 5244 5246 5248 5250 5252 5254 5257 5259 5262 5266 5269 5273 5277 5281 5285 5290 5294 5299 5305 5310 5316 5321 5327 5333 5338 5344 5350 5355 5361 5366 5371 5376 5381 5386 5390 5394 5398 5401 5405 5408 5410 5413 5415 5417 5418 5419 5420 5420 5421 5421 5420
