input/I57/I57_005yr24ha.asc
ncols        301
nrows        195
xllcorner    -92.313182000000
yllcorner    35.829066000000
cellsize     0.008333000000
NODATA_value -9
[rows 114 to 151 of 195, columns 0 to 83 of 301]
-9 4517 4518 4519 4520 4520 4521 4522 4523 4524 4525 4526 4528 4529 4531 4534 4535 4538 4541 4544 4548 4552 4557 4561 4566 4571 4577 4582 4588 4594 4600 4606 4612 4618 4625 4631 4636 4642 4647 4651 4656 4660 4663 4667 4670 4672 4675 4677 4678 4680 4681 4682 4684 4685 4685 4685 4685 4685 4684 4684 4683 4682 4680 4679 4677 4675 4673 4670 4668 4665 4662 4659 4656 4653 4650 4647 4644 4642 4639 4636 4633 4631 4628 4626
-9 4522 4523 4524 4525 4526 4527 4528 4528 4529 4530 4532 4533 4535 4537 4539 4542 4543 4546 4550 4554 4558 4562 4567 4572 4577 4582 4588 4593 4599 4605 4611 4617 4623 4630 4635 4641 4646 4651 4655 4660 4664 4667 4671 4673 4676 4678 4680 4682 4684 4685 4686 4687 4689 4689 4689 4689 4689 4688 4687 4686 4685 4684 4682 4680 4678 4676 4674 4671 4669 4666 4663 4660 4657 4655 4652 4649 4646 4643 4641 4638 4636 4633 4631
-9 4527 4527 4529 4530 4531 4532 4533 4534 4535 4536 4537 4539 4540 4542 4545 4547 4549 4552 4555 4559 4563 4567 4572 4577 4582 4587 4593 4598 4604 4610 4616 4622 4628 4634 4640 4645 4650 4655 4659 4664 4668 4671 4674 4677 4680 4682 4684 4686 4687 4688 4689 4690 4692 4693 4693 4693 4692 4692 4691 4690 4689 4687 4686 4684 4682 4680 4678 4675 4673 4670 4667 4665 4662 4659 4656 4654 4651 4648 4646 4644 4641 4639 4637
-9 4530 4532 4533 4535 4536 4537 4538 4539 4540 4541 4542 4544 4546 4548 4550 4553 4554 4557 4560 4564 4568 4572 4577 4582 4587 4592 4598 4603 4609 4615 4621 4627 4632 4638 4644 4649 4654 4659 4663 4668 4671 4675 4678 4681 4683 4686 4688 4689 4691 4692 4693 4694 4694 4697 4697 4697 4696 4696 4695 4694 4692 4691 4689 4688 4686 4684 4682 4679 4677 4674 4672 4669 4666 4664 4661 4659 4656 4654 4651 4649 4647 4645 4642
-9 4534 4536 4538 4539 4540 4541 4543 4544 4545 4546 4547 4549 4551 4553 4555 4558 4559 4562 4565 4569 4573 4577 4582 4586 4591 4597 4602 4608 4614 4619 4625 4631 4637 4643 4648 4653 4658 4663 4667 4671 4675 4679 4682 4685 4687 4689 4691 4693 4694 4696 4697 4697 4698 4698 4701 4701 4700 4700 4699 4698 4697 4695 4694 4692 4690 4688 4686 4684 4681 4679 4676 4674 4671 4669 4666 4664 4661 4659 4657 4655 4653 4650 4648
-9 4539 4541 4542 4544 4545 4546 4547 4548 4549 4551 4552 4553 4555 4557 4560 4562 4563 4566 4570 4574 4578 4582 4586 4591 4596 4601 4607 4612 4618 4624 4630 4635 4641 4647 4652 4657 4662 4667 4671 4675 4679 4682 4685 4688 4691 4693 4695 4697 4698 4699 4700 4701 4702 4702 4702 4705 4704 4704 4703 4702 4701 4699 4698 4696 4694 4693 4690 4688 4686 4684 4681 4679 4676 4674 4671 4669 4667 4665 4663 4660 4658 4656 4654
-9 4543 4545 4546 4548 4549 4550 4551 4553 4554 4555 4556 4558 4560 4562 4564 4567 4568 4571 4574 4578 4582 4586 4591 4595 4600 4606 4611 4617 4622 4628 4634 4640 4645 4651 4656 4661 4666 4671 4675 4679 4683 4686 4689 4692 4694 4697 4699 4700 4702 4703 4704 4705 4705 4706 4706 4706 4709 4708 4707 4706 4705 4704 4702 4701 4699 4697 4695 4693 4691 4689 4686 4684 4682 4679 4677 4675 4672 4670 4668 4666 4664 4662 4660
-9 4547 4549 4550 4552 4553 4554 4556 4557 4558 4559 4561 4562 4564 4566 4569 4571 4574 4575 4579 4582 4586 4591 4595 4600 4605 4610 4615 4621 4627 4632 4638 4644 4649 4655 4660 4665 4670 4674 4679 4683 4686 4690 4693 4696 4698 4700 4702 4704 4706 4707 4708 4709 4709 4709 4710 4710 4710 4713 4712 4711 4710 4709 4707 4705 4704 4702 4700 4698 4696 4694 4691 4689 4687 4685 4682 4680 4678 4676 4674 4672 4670 4668 4667
-9 4551 4552 4554 4556 4557 4558 4560 4561 4562 4563 4565 4566 4568 4570 4573 4576 4576 4579 4583 4587 4591 4595 4599 4604 4609 4614 4620 4625 4631 4636 4642 4648 4653 4659 4664 4669 4674 4678 4682 4686 4690 4694 4697 4699 4702 4704 4706 4708 4709 4711 4712 4712 4713 4713 4714 4714 4714 4713 4716 4716 4714 4713 4712 4710 4709 4707 4705 4703 4701 4699 4697 4694 4692 4690 4688 4686 4684 4682 4680 4678 4676 4674 4673
-9 4554 4556 4558 4560 4561 4562 4564 4565 4566 4567 4569 4570 4572 4574 4577 4580 4580 4583 4587 4591 4595 4599 4603 4608 4613 4618 4624 4629 4635 4641 4646 4652 4657 4662 4668 4673 4677 4682 4686 4690 4694 4697 4700 4703 4706 4708 4710 4712 4713 4714 4715 4716 4717 4717 4718 4718 4718 4717 4717 4720 4719 4718 4717 4715 4714 4712 4710 4708 4706 4704 4702 4700 4698 4696 4693 4691 4690 4688 4686 4686 4685 4683 4679
-9 4558 4560 4562 4563 4565 4566 4567 4569 4570 4571 4573 4574 4576 4578 4581 4583 4584 4587 4591 4595 4599 4603 4607 4612 4617 4622 4628 4633 4639 4645 4650 4655 4661 4666 4671 4676 4681 4686 4690 4694 4698 4701 4704 4707 4709 4712 4714 4715 4717 4718 4719 4720 4721 4722 4722 4722 4722 4722 4721 4721 4720 4719 4722 4720 4719 4717 4715 4713 4711 4709 4707 4705 4703 4701 4700 4698 4696 4695 4693 4692 4690 4688 4687
-9 4562 4564 4565 4567 4568 4570 4571 4572 4574 4575 4576 4578 4580 4582 4585 4587 4590 4591 4595 4599 4603 4607 4611 4616 4621 4626 4632 4638 4643 4648 4654 4659 4665 4670 4675 4680 4685 4689 4693 4697 4701 4705 4708 4711 4713 4715 4717 4719 4721 4722 4723 4724 4725 4726 4726 4726 4726 4726 4726 4725 4725 4724 4723 4722 4721 4719 4718 4717 4715 4713 4712 4710 4708 4707 4705 4703 4702 4700 4699 4697 4695 4694 4692
-9 4565 4567 4569 4571 4572 4573 4575 4576 4577 4579 4580 4582 4584 4586 4588 4591 4594 4597 4601 4604 4606 4612 4617 4621 4626 4631 4636 4641 4647 4652 4657 4663 4668 4674 4679 4684 4688 4693 4697 4701 4705 4708 4711 4714 4717 4719 4721 4723 4725 4726 4727 4728 4729 4730 4730 4731 4731 4731 4730 4730 4729 4729 4728 4727 4726 4724 4723 4721 4720 4718 4717 4715 4713 4712 4710 4709 4707 4705 4704 4702 4701 4699 4697
-9 4569 4571 4573 4574 4576 4577 4578 4579 4581 4582 4584 4585 4587 4589 4592 4594 4597 4601 4604 4608 4612 4616 4620 4625 4630 4635 4640 4645 4650 4656 4661 4666 4672 4677 4682 4687 4692 4696 4701 4705 4708 4712 4715 4718 4721 4723 4725 4727 4729 4730 4732 4733 4734 4734 4735 4735 4735 4735 4735 4735 4734 4734 4733 4732 4731 4729 4728 4727 4725 4723 4722 4720 4719 4717 4715 4714 4712 4711 4709 4708 4706 4704 4703
-9 4573 4575 4576 4578 4579 4581 4582 4583 4584 4586 4587 4589 4591 4593 4595 4598 4601 4604 4608 4611 4615 4619 4624 4628 4633 4638 4643 4648 4654 4659 4665 4670 4675 4681 4686 4691 4695 4700 4704 4708 4712 4715 4719 4722 4724 4727 4729 4731 4733 4734 4736 4737 4738 4739 4739 4740 4740 4740 4740 4740 4739 4738 4738 4737 4736 4734 4733 4732 4730 4729 4727 4725 4724 4722 4721 4719 4718 4716 4714 4713 4711 4710 4708
-9 4576 4578 4580 4581 4583 4584 4585 4586 4588 4589 4590 4592 4594 4596 4599 4601 4604 4608 4611 4615 4619 4623 4627 4632 4637 4641 4647 4652 4657 4662 4668 4673 4679 4684 4689 4694 4699 4703 4707 4712 4715 4719 4722 4725 4728 4731 4733 4735 4737 4738 4740 4741 4742 4743 4744 4744 4744 4745 4745 4744 4744 4743 4743 4742 4741 4739 4738 4737 4735 4734 4732 4731 4729 4727 4726 4724 4723 4721 4720 4718 4717 4715 4713
-9 4580 4582 4583 4585 4586 4587 4589 4590 4591 4592 4594 4596 4597 4600 4602 4605 4608 4611 4615 4618 4622 4626 4631 4635 4640 4645 4650 4655 4660 4666 4671 4677 4682 4687 4692 4697 4702 4706 4711 4715 4719 4722 4726 4729 4732 4734 4737 4739 4741 4743 4744 4745 4747 4747 4748 4749 4749 4749 4749 4749 4749 4748 4748 4747 4746 4745 4743 4742 4740 4739 4737 4736 4734 4733 4731 4730 4728 4727 4725 4723 4722 4720 4719
-9 4584 4585 4587 4588 4590 4591 4592 4593 4594 4596 4597 4599 4601 4603 4606 4608 4611 4614 4618 4622 4625 4630 4634 4638 4643 4648 4653 4658 4664 4669 4674 4680 4685 4690 4695 4700 4705 4710 4714 4718 4722 4726 4729 4732 4735 4738 4741 4743 4745 4747 4748 4750 4751 4752 4753 4753 4754 4754 4754 4754 4754 4753 4753 4752 4751 4750 4748 4747 4746 4744 4743 4741 4739 4738 4736 4735 4733 4732 4730 4729 4727 4726 4724
-9 4587 4589 4590 4592 4593 4594 4595 4597 4598 4599 4601 4602 4604 4606 4609 4612 4615 4618 4621 4625 4629 4633 4637 4641 4646 4651 4656 4661 4667 4672 4677 4683 4688 4693 4698 4703 4708 4713 4717 4721 4725 4729 4733 4736 4739 4742 4744 4747 4749 4751 4753 4754 4755 4756 4757 4758 4759 4759 4759 4759 4759 4758 4758 4757 4756 4755 4753 4752 4751 4749 4748 4746 4745 4743 4742 4740 4738 4737 4735 4734 4732 4731 4729
-9 4591 4593 4594 4595 4597 4598 4599 4600 4601 4602 4604 4606 4608 4610 4612 4615 4618 4621 4624 4628 4632 4636 4640 4645 4649 4654 4659 4664 4670 4675 4680 4686 4691 4696 4701 4706 4711 4716 4720 4724 4728 4732 4736 4739 4742 4745 4748 4751 4753 4755 4757 4758 4760 4761 4762 4763 4763 4764 4764 4764 4764 4763 4762 4762 4761 4760 4758 4757 4756 4754 4753 4751 4750 4748 4747 4745 4743 4742 4740 4739 4737 4736 4734
-9 4596 4596 4597 4599 4600 4601 4602 4603 4604 4606 4607 4609 4611 4613 4616 4618 4621 4624 4628 4631 4635 4639 4643 4648 4652 4657 4662 4667 4673 4678 4683 4688 4694 4699 4704 4709 4714 4719 4723 4727 4732 4735 4739 4743 4746 4749 4752 4754 4757 4759 4761 4763 4764 4765 4766 4767 4768 4768 4769 4769 4768 4768 4767 4766 4765 4764 4763 4762 4760 4759 4758 4756 4755 4753 4752 4750 4748 4747 4745 4744 4742 4741 4739
-9 4600 4601 4602 4602 4603 4604 4606 4607 4608 4609 4611 4612 4614 4616 4619 4622 4625 4628 4631 4635 4638 4642 4646 4651 4655 4660 4665 4670 4675 4681 4686 4691 4697 4702 4707 4712 4717 4721 4726 4730 4735 4739 4742 4746 4749 4753 4756 4758 4761 4763 4765 4767 4768 4770 4771 4772 4772 4773 4773 4773 4773 4773 4772 4771 4770 4769 4768 4767 4765 4764 4762 4761 4759 4758 4756 4755 4753 4752 4750 4749 4747 4745 4744
-9 4604 4605 4606 4606 4607 4608 4609 4610 4611 4613 4614 4616 4618 4620 4622 4625 4628 4631 4634 4638 4642 4645 4650 4654 4658 4663 4668 4673 4678 4684 4689 4694 4699 4704 4710 4715 4719 4724 4729 4733 4737 4742 4745 4749 4753 4756 4759 4762 4765 4767 4769 4771 4773 4774 4775 4776 4777 4777 4778 4778 4778 4777 4776 4776 4775 4774 4772 4771 4770 4768 4767 4766 4764 4763 4761 4760 4758 4756 4755 4753 4752 4750 4748
-9 4607 4608 4609 4610 4611 4611 4612 4614 4615 4616 4618 4619 4621 4623 4626 4629 4631 4633 4636 4640 4644 4649 4653 4657 4662 4666 4671 4676 4681 4686 4692 4697 4702 4707 4712 4717 4722 4727 4731 4736 4740 4745 4749 4752 4756 4759 4763 4766 4768 4771 4773 4775 4777 4778 4780 4781 4781 4782 4782 4782 4782 4781 4781 4780 4779 4778 4777 4776 4774 4773 4772 4770 4769 4767 4766 4764 4763 4761 4759 4758 4756 4755 4753
-9 4611 4612 4613 4613 4614 4615 4616 4616 4617 4618 4620 4621 4623 4625 4628 4630 4633 4636 4640 4643 4647 4651 4655 4660 4665 4669 4674 4679 4684 4689 4695 4700 4705 4710 4715 4720 4725 4730 4734 4739 4743 4747 4751 4755 4759 4763 4766 4769 4772 4775 4777 4779 4781 4782 4784 4785 4785 4786 4786 4786 4786 4786 4785 4784 4783 4782 4781 4780 4779 4777 4776 4774 4773 4772 4770 4769 4767 4765 4764 4762 4761 4759 4757
-9 4615 4615 4616 4617 4618 4618 4619 4620 4621 4622 4623 4625 4627 4629 4631 4634 4637 4640 4643 4647 4650 4654 4658 4663 4668 4673 4678 4682 4687 4693 4698 4703 4708 4713 4718 4723 4728 4732 4737 4742 4746 4750 4754 4758 4762 4766 4769 4773 4776 4778 4781 4783 4785 4786 4788 4789 4789 4790 4790 4790 4790 4790 4789 4788 4787 4786 4785 4784 4783 4781 4780 4779 4777 4776 4774 4773 4771 4770 4768 4767 4765 4763 4762
-9 4619 4619 4620 4621 4621 4622 4623 4623 4624 4626 4627 4628 4630 4632 4635 4637 4640 4643 4647 4650 4654 4658 4662 4666 4671 4676 4681 4686 4691 4696 4701 4706 4711 4716 4721 4726 4730 4735 4740 4744 4749 4753 4757 4761 4765 4769 4772 4776 4779 4782 4784 4786 4788 4790 4791 4792 4793 4794 4794 4794 4794 4794 4793 4792 4791 4790 4789 4788 4787 4785 4784 4783 4781 4780 4778 4777 4776 4774 4772 4771 4769 4768 4766
-9 4623 4623 4624 4625 4625 4626 4627 4627 4628 4629 4631 4632 4634 4636 4639 4641 4644 4647 4650 4654 4657 4661 4665 4669 4674 4679 4684 4689 4694 4699 4704 4709 4714 4719 4724 4728 4733 4738 4742 4747 4751 4756 4760 4764 4768 4772 4776 4779 4782 4785 4787 4790 4792 4793 4795 4796 4797 4797 4798 4798 4798 4797 4797 4796 4795 4794 4793 4792 4790 4789 4788 4787 4785 4784 4782 4781 4780 4778 4777 4775 4773 4772 4770
-9 4627 4628 4628 4629 4629 4630 4631 4631 4632 4634 4635 4637 4638 4640 4643 4645 4648 4651 4654 4658 4661 4665 4669 4673 4677 4682 4687 4692 4697 4703 4707 4712 4717 4722 4727 4731 4736 4741 4745 4750 4754 4759 4763 4767 4771 4775 4778 4782 4785 4788 4790 4793 4795 4797 4798 4799 4800 4801 4801 4801 4801 4801 4800 4799 4798 4797 4796 4795 4794 4793 4792 4790 4789 4788 4786 4785 4784 4782 4781 4779 4778 4776 4774
-9 4632 4632 4633 4633 4634 4634 4635 4636 4637 4638 4639 4641 4643 4645 4647 4650 4653 4656 4659 4662 4665 4669 4673 4677 4681 4686 4691 4695 4700 4706 4711 4716 4721 4725 4730 4735 4739 4744 4748 4753 4757 4761 4766 4770 4774 4777 4781 4785 4788 4791 4793 4796 4798 4800 4801 4802 4803 4804 4804 4804 4804 4804 4803 4802 4802 4801 4800 4798 4797 4796 4795 4794 4793 4791 4790 4789 4787 4786 4784 4783 4781 4780 4778
-9 4637 4637 4638 4638 4639 4639 4640 4641 4642 4643 4644 4646 4648 4650 4652 4655 4657 4660 4663 4666 4670 4673 4677 4681 4685 4690 4694 4699 4704 4709 4714 4719 4724 4729 4733 4738 4742 4747 4751 4756 4760 4764 4768 4772 4776 4780 4784 4787 4790 4793 4796 4798 4801 4802 4804 4805 4806 4807 4807 4807 4807 4807 4806 4805 4804 4804 4803 4802 4801 4799 4798 4797 4796 4795 4794 4792 4791 4790 4788 4787 4785 4784 4782
-9 4642 4642 4643 4643 4644 4644 4645 4646 4647 4648 4649 4651 4653 4655 4657 4660 4662 4665 4668 4671 4674 4678 4681 4685 4689 4694 4698 4703 4708 4713 4717 4722 4728 4732 4737 4741 4746 4750 4754 4759 4763 4767 4771 4775 4779 4783 4786 4790 4793 4796 4799 4801 4803 4805 4806 4808 4808 4809 4810 4810 4810 4809 4809 4808 4807 4806 4805 4804 4803 4802 4801 4800 4799 4798 4797 4796 4794 4793 4792 4790 4789 4787 4786
-9 4647 4648 4648 4648 4649 4649 4650 4651 4652 4653 4654 4656 4658 4660 4662 4665 4667 4670 4673 4676 4679 4683 4686 4690 4694 4698 4702 4707 4712 4716 4721 4726 4731 4736 4740 4745 4749 4753 4757 4761 4766 4770 4774 4777 4781 4785 4789 4792 4795 4798 4801 4803 4805 4807 4809 4810 4811 4811 4812 4812 4812 4812 4811 4810 4810 4809 4808 4807 4806 4805 4804 4803 4802 4801 4800 4799 4798 4796 4795 4794 4792 4791 4789
-9 4652 4652 4652 4652 4652 4652 4652 4653 4653 4654 4655 4662 4663 4666 4668 4670 4673 4676 4678 4681 4684 4688 4691 4695 4698 4702 4707 4711 4716 4720 4725 4730 4734 4740 4744 4748 4752 4756 4760 4764 4768 4772 4776 4780 4784 4787 4791 4794 4797 4800 4803 4805 4807 4809 4811 4812 4813 4814 4814 4814 4814 4814 4813 4813 4812 4811 4810 4809 4809 4808 4807 4806 4805 4804 4803 4802 4801 4799 4798 4797 4795 4794 4793
-9 4657 4657 4657 4657 4657 4657 4658 4658 4659 4660 4661 4662 4664 4666 4668 4670 4673 4681 4684 4687 4690 4693 4696 4700 4703 4707 4711 4716 4720 4724 4729 4733 4738 4742 4748 4752 4756 4760 4763 4767 4771 4775 4779 4782 4786 4790 4793 4796 4799 4802 4805 4807 4809 4811 4813 4814 4815 4815 4816 4816 4816 4816 4815 4814 4814 4813 4812 4812 4811 4810 4809 4808 4807 4807 4806 4804 4803 4802 4801 4800 4798 4797 4796
-9 4663 4663 4663 4663 4663 4663 4663 4664 4665 4665 4667 4668 4670 4672 4674 4676 4678 4681 4690 4692 4695 4698 4701 4705 4708 4712 4716 4720 4724 4729 4733 4737 4741 4746 4751 4755 4759 4763 4767 4770 4774 4778 4781 4785 4788 4792 4795 4798 4801 4804 4807 4809 4811 4813 4814 4815 4816 4817 4817 4817 4817 4817 4817 4816 4815 4815 4814 4813 4813 4812 4811 4810 4810 4809 4808 4807 4806 4805 4804 4802 4801 4800 4798
-9 4668 4668 4668 4668 4669 4669 4669 4670 4670 4671 4673 4674 4676 4678 4680 4682 4684 4687 4689 4698 4701 4704 4707 4710 4713 4717 4721 4725 4729 4733 4737 4741 4745 4749 4755 4759 4763 4766 4770 4773 4777 4780 4784 4787 4790 4794 4797 4800 4803 4806 4808 4811 4813 4814 4816 4817 4818 4818 4819 4819 4819 4818 4818 4817 4817 4816 4815 4815 4814 4814 4813 4812 4812 4811 4810 4809 4808 4807 4806 4805 4803 4802 4801
-9 4674 4674 4674 4674 4674 4675 4675 4676 4676 4677 4679 4680 4682 4684 4686 4688 4690 4693 4695 4704 4707 4710 4713 4716 4719 4722 4726 4730 4733 4737 4741 4745 4749 4753 4759 4763 4766 4769 4773 4776 4780 4783 4786 4789 4793 4796 4799 4802 4805 4807 4810 4812 4814 4816 4817 4818 4819 4820 4820 4820 4820 4820 4819 4819 4818 4817 4817 4816 4815 4815 4814 4814 4813 4812 4812 4811 4810 4809 4808 4807 4805 4804 4803
