input/I57/I57_050yr24ha.asc
ncols        301
nrows        195
xllcorner    -92.313182000000
yllcorner    35.829066000000
cellsize     0.008333000000
NODATA_value -9
[rows 0 to 37 of 195, columns 0 to 83 of 301]
-9 6310 6307 6304 6301 6298 6295 6292 6289 6286 6283 6280 6277 6274 6271 6268 6264 6260 6256 6252 6248 6243 6238 6234 6229 6224 6219 6214 6209 6204 6200 6196 6192 6188 6185 6182 6179 6177 6175 6174 6173 6172 6172 6172 6172 6173 6173 6174 6176 6177 6178 6180 6182 6184 6186 6188 6190 6195 6198 6200 6204 6207 6211 6214 6219 6223 6228 6233 6240 6246 6254 6261 6270 6278 6287 6297 6306 6316 6326 6337 6347 6357 6368 6378
-9 6309 6305 6302 6299 6296 6293 6290 6287 6285 6282 6279 6276 6273 6270 6266 6263 6259 6255 6251 6246 6241 6237 6232 6227 6221 6216 6211 6206 6202 6197 6193 6189 6185 6182 6179 6176 6174 6172 6171 6170 6169 6169 6169 6169 6170 6171 6172 6173 6175 6176 6178 6180 6182 6184 6186 6189 6194 6197 6200 6203 6206 6210 6214 6219 6224 6228 6234 6241 6248 6256 6264 6272 6281 6291 6301 6311 6321 6332 6342 6353 6364 6374 6385
-9 6307 6304 6301 6298 6295 6292 6289 6286 6283 6280 6278 6275 6272 6268 6265 6261 6258 6254 6249 6245 6240 6235 6230 6225 6220 6214 6209 6204 6199 6195 6190 6186 6182 6179 6176 6173 6171 6169 6168 6167 6167 6166 6166 6167 6167 6168 6170 6171 6172 6174 6176 6178 6180 6183 6185 6190 6193 6196 6199 6202 6206 6210 6214 6219 6224 6229 6235 6242 6250 6258 6266 6275 6284 6294 6304 6315 6326 6337 6348 6359 6370 6381 6392
-9 6305 6302 6299 6296 6293 6290 6288 6285 6282 6279 6276 6273 6270 6267 6264 6260 6256 6252 6248 6243 6239 6234 6228 6223 6218 6212 6207 6202 6197 6192 6188 6184 6180 6176 6173 6171 6169 6167 6165 6164 6164 6164 6164 6164 6165 6166 6167 6169 6171 6172 6174 6177 6179 6181 6184 6189 6192 6195 6199 6202 6206 6210 6215 6220 6224 6230 6236 6244 6251 6260 6268 6278 6288 6298 6308 6319 6331 6342 6354 6365 6377 6388 6399
-9 6304 6301 6298 6295 6292 6289 6286 6284 6281 6278 6275 6273 6270 6266 6263 6259 6256 6251 6247 6242 6237 6232 6227 6222 6216 6211 6206 6200 6195 6190 6186 6181 6178 6174 6171 6168 6166 6164 6163 6162 6162 6162 6162 6162 6163 6164 6166 6167 6169 6171 6173 6175 6178 6180 6183 6186 6192 6195 6199 6202 6206 6211 6213 6219 6224 6231 6238 6245 6253 6262 6271 6281 6291 6302 6313 6324 6336 6347 6359 6371 6383 6395 6406
-9 6303 6300 6297 6294 6291 6288 6286 6283 6280 6277 6275 6272 6269 6266 6262 6259 6255 6251 6246 6242 6237 6231 6226 6221 6215 6210 6204 6199 6194 6189 6184 6180 6176 6172 6169 6167 6164 6163 6161 6161 6160 6160 6160 6161 6162 6163 6164 6166 6168 6170 6172 6175 6177 6180 6183 6186 6189 6192 6196 6200 6204 6209 6214 6220 6226 6232 6239 6247 6255 6264 6274 6284 6294 6305 6317 6329 6341 6353 6365 6377 6390 6402 6413
-9 6301 6299 6296 6293 6290 6287 6285 6282 6279 6277 6274 6271 6268 6265 6262 6258 6254 6250 6246 6241 6236 6231 6226 6220 6214 6209 6203 6198 6193 6188 6183 6179 6175 6171 6168 6165 6163 6162 6160 6159 6159 6159 6159 6160 6161 6162 6164 6166 6167 6170 6172 6174 6177 6180 6183 6186 6189 6193 6197 6201 6205 6210 6215 6221 6227 6234 6241 6249 6258 6267 6277 6287 6298 6310 6321 6333 6346 6358 6371 6384 6396 6408 6420
-9 6301 6298 6295 6292 6289 6287 6284 6282 6279 6276 6274 6271 6268 6265 6262 6258 6254 6250 6246 6241 6236 6231 6225 6220 6214 6209 6203 6197 6192 6187 6182 6178 6174 6171 6167 6165 6163 6161 6160 6159 6159 6159 6159 6160 6161 6162 6164 6166 6168 6170 6172 6175 6178 6180 6183 6187 6190 6194 6198 6202 6206 6211 6217 6223 6229 6236 6244 6252 6261 6270 6280 6291 6302 6314 6326 6338 6351 6364 6377 6390 6402 6415 6427
-9 6300 6297 6294 6292 6289 6286 6284 6281 6279 6276 6273 6271 6268 6265 6262 6258 6254 6250 6246 6241 6236 6231 6225 6220 6214 6209 6203 6198 6192 6187 6182 6178 6174 6171 6168 6165 6163 6161 6160 6159 6159 6159 6159 6160 6161 6163 6164 6166 6168 6171 6173 6176 6179 6182 6185 6188 6192 6195 6199 6204 6208 6213 6219 6225 6231 6239 6246 6255 6264 6274 6284 6295 6306 6318 6331 6343 6356 6370 6383 6396 6409 6422 6434
-9 6299 6296 6294 6291 6289 6286 6284 6281 6279 6276 6274 6271 6268 6265 6262 6258 6255 6251 6246 6241 6237 6231 6226 6220 6215 6209 6204 6198 6193 6188 6183 6179 6175 6171 6168 6166 6164 6162 6161 6160 6160 6160 6160 6161 6162 6164 6166 6168 6170 6172 6175 6178 6180 6183 6187 6190 6194 6197 6202 6206 6211 6216 6221 6228 6234 6242 6250 6258 6267 6277 6288 6299 6311 6323 6336 6349 6362 6375 6389 6402 6416 6429 6441
-9 6299 6296 6293 6291 6288 6286 6284 6281 6279 6276 6274 6271 6268 6266 6262 6259 6255 6251 6247 6242 6237 6232 6227 6221 6216 6210 6205 6199 6194 6189 6184 6180 6176 6173 6170 6167 6165 6163 6162 6162 6161 6162 6162 6163 6164 6166 6168 6170 6172 6174 6177 6180 6183 6186 6189 6193 6196 6200 6204 6209 6214 6219 6225 6231 6238 6245 6253 6262 6271 6281 6292 6303 6315 6328 6341 6354 6368 6381 6395 6409 6422 6435 6450
-9 6298 6296 6293 6291 6288 6286 6284 6281 6279 6277 6274 6272 6269 6266 6263 6260 6256 6252 6248 6243 6239 6233 6228 6223 6217 6212 6206 6201 6196 6191 6186 6182 6178 6175 6172 6169 6167 6165 6164 6164 6164 6164 6164 6165 6167 6168 6170 6172 6175 6177 6180 6183 6186 6189 6192 6196 6199 6203 6207 6212 6217 6222 6228 6234 6241 6249 6257 6266 6275 6286 6297 6308 6320 6333 6346 6359 6373 6387 6401 6415 6429 6444 6457
-9 6298 6296 6293 6291 6289 6286 6284 6282 6280 6277 6275 6273 6270 6267 6264 6261 6257 6254 6249 6245 6240 6235 6230 6225 6219 6214 6208 6203 6198 6193 6188 6184 6180 6177 6174 6172 6170 6168 6167 6167 6166 6167 6167 6168 6170 6171 6173 6175 6178 6180 6183 6186 6189 6192 6195 6199 6203 6207 6211 6216 6221 6226 6232 6238 6245 6253 6261 6270 6280 6290 6301 6313 6325 6338 6351 6365 6379 6393 6407 6421 6435 6450 6464
-9 6298 6296 6294 6291 6289 6287 6285 6283 6280 6278 6276 6274 6271 6269 6266 6262 6259 6255 6251 6247 6242 6237 6232 6227 6221 6216 6211 6205 6200 6196 6191 6187 6183 6180 6177 6175 6173 6171 6170 6170 6170 6170 6171 6172 6173 6175 6177 6179 6181 6184 6187 6190 6193 6196 6199 6203 6207 6211 6215 6220 6225 6230 6236 6242 6249 6257 6265 6274 6284 6295 6306 6318 6330 6343 6357 6370 6385 6399 6413 6427 6443 6457 6470
-9 6298 6296 6294 6292 6290 6288 6286 6284 6282 6279 6277 6275 6273 6270 6267 6264 6261 6257 6253 6249 6244 6239 6234 6229 6224 6219 6213 6208 6203 6199 6194 6190 6187 6183 6181 6178 6176 6175 6174 6173 6173 6174 6175 6176 6177 6179 6181 6183 6185 6188 6191 6194 6197 6200 6203 6207 6211 6215 6219 6224 6229 6234 6240 6247 6254 6262 6270 6279 6289 6300 6311 6323 6335 6348 6362 6376 6390 6405 6419 6433 6449 6463 6477
-9 6299 6297 6295 6293 6291 6289 6287 6285 6283 6281 6279 6277 6274 6272 6269 6266 6263 6259 6255 6251 6247 6242 6237 6232 6227 6222 6217 6212 6207 6202 6198 6194 6190 6187 6184 6182 6180 6179 6178 6178 6178 6178 6179 6180 6181 6183 6185 6187 6190 6192 6195 6198 6201 6204 6208 6212 6215 6219 6224 6228 6233 6239 6245 6251 6258 6266 6275 6284 6294 6305 6316 6328 6341 6354 6367 6381 6396 6410 6425 6439 6455 6469 6483
-9 6300 6298 6296 6294 6292 6290 6288 6286 6285 6283 6281 6279 6276 6274 6271 6269 6265 6262 6258 6254 6250 6245 6240 6235 6230 6225 6220 6215 6211 6206 6202 6198 6194 6191 6189 6186 6185 6183 6182 6182 6182 6182 6183 6184 6186 6188 6190 6192 6194 6197 6200 6203 6206 6209 6213 6216 6220 6224 6229 6233 6238 6244 6250 6256 6263 6271 6280 6289 6299 6310 6321 6333 6346 6359 6373 6387 6401 6416 6430 6445 6461 6475 6489
-9 6301 6299 6297 6295 6294 6292 6290 6288 6286 6285 6283 6281 6279 6276 6274 6271 6268 6265 6261 6257 6253 6248 6244 6239 6234 6229 6224 6219 6215 6210 6206 6202 6199 6196 6193 6191 6189 6188 6187 6187 6187 6187 6188 6189 6191 6192 6194 6197 6199 6202 6205 6208 6211 6214 6218 6221 6225 6229 6233 6238 6243 6249 6255 6261 6268 6276 6285 6294 6304 6315 6326 6338 6351 6364 6378 6392 6407 6421 6436 6450 6466 6481 6495
-9 6302 6300 6299 6297 6295 6294 6292 6290 6289 6287 6285 6283 6281 6279 6277 6274 6271 6268 6264 6260 6256 6252 6247 6243 6238 6233 6228 6223 6219 6215 6210 6207 6203 6200 6198 6196 6194 6193 6192 6192 6192 6192 6193 6194 6196 6197 6199 6202 6204 6207 6210 6213 6216 6219 6223 6226 6230 6234 6239 6243 6248 6254 6260 6266 6273 6281 6290 6299 6309 6320 6331 6343 6356 6369 6383 6397 6412 6426 6441 6456 6472 6486 6501
-9 6303 6302 6300 6299 6297 6296 6294 6293 6291 6289 6288 6286 6284 6282 6280 6277 6274 6271 6268 6264 6260 6256 6251 6247 6242 6237 6232 6228 6223 6219 6215 6212 6208 6205 6203 6201 6199 6198 6197 6197 6197 6197 6198 6199 6201 6203 6205 6207 6209 6212 6215 6218 6221 6224 6228 6231 6235 6239 6244 6248 6253 6259 6265 6271 6278 6286 6295 6304 6314 6325 6336 6348 6361 6374 6388 6402 6417 6431 6446 6461 6477 6492 6506
-9 6305 6304 6302 6301 6299 6298 6296 6295 6294 6292 6291 6289 6287 6285 6283 6281 6278 6275 6271 6268 6264 6260 6255 6251 6246 6242 6237 6232 6228 6224 6220 6217 6213 6211 6208 6206 6204 6203 6203 6202 6202 6203 6204 6205 6206 6208 6210 6212 6215 6218 6220 6223 6226 6230 6233 6237 6241 6245 6249 6254 6259 6264 6270 6276 6283 6291 6300 6309 6319 6330 6341 6353 6366 6379 6393 6407 6422 6436 6451 6466 6482 6496 6511
-9 6307 6305 6304 6303 6302 6300 6299 6298 6296 6295 6294 6292 6290 6289 6286 6284 6281 6279 6275 6272 6268 6264 6260 6255 6251 6246 6242 6237 6233 6229 6225 6222 6219 6216 6213 6211 6210 6209 6208 6208 6208 6208 6209 6210 6212 6214 6216 6218 6220 6223 6226 6229 6232 6235 6239 6242 6246 6250 6255 6259 6264 6269 6275 6282 6289 6296 6305 6314 6324 6335 6346 6358 6371 6384 6398 6412 6426 6441 6455 6470 6487 6501 6516
-9 6309 6308 6306 6305 6304 6303 6302 6300 6299 6298 6297 6295 6294 6292 6290 6288 6285 6283 6279 6276 6272 6268 6264 6260 6256 6251 6247 6242 6238 6234 6230 6227 6224 6221 6219 6217 6215 6214 6214 6213 6214 6214 6215 6216 6218 6219 6221 6224 6226 6229 6232 6234 6238 6241 6244 6248 6252 6256 6260 6265 6270 6275 6281 6287 6294 6302 6310 6319 6329 6339 6351 6363 6375 6388 6402 6416 6431 6445 6460 6474 6491 6506 6520
-9 6311 6310 6309 6308 6307 6306 6305 6303 6302 6301 6300 6299 6297 6296 6294 6292 6289 6287 6284 6280 6277 6273 6269 6265 6260 6256 6252 6247 6243 6239 6236 6233 6229 6227 6225 6223 6221 6220 6219 6219 6219 6220 6221 6222 6223 6225 6227 6229 6232 6234 6237 6240 6243 6247 6250 6254 6257 6261 6266 6270 6275 6280 6286 6292 6299 6307 6315 6324 6334 6344 6356 6367 6380 6393 6407 6421 6435 6449 6464 6480 6495 6510 6524
-9 6313 6312 6311 6310 6310 6309 6308 6307 6306 6305 6303 6302 6301 6299 6298 6296 6293 6291 6288 6285 6281 6278 6274 6270 6265 6261 6257 6253 6249 6245 6241 6238 6235 6232 6230 6228 6227 6226 6225 6225 6225 6226 6226 6228 6229 6231 6233 6235 6238 6240 6243 6246 6249 6252 6256 6259 6263 6267 6271 6276 6281 6286 6292 6298 6305 6312 6320 6329 6339 6349 6360 6372 6384 6397 6411 6425 6439 6453 6468 6484 6499 6514 6528
-9 6316 6315 6314 6313 6312 6312 6311 6310 6309 6308 6307 6306 6305 6303 6302 6300 6298 6295 6292 6289 6286 6282 6278 6274 6270 6266 6262 6258 6254 6250 6247 6244 6241 6238 6236 6234 6233 6232 6231 6231 6231 6231 6232 6233 6235 6237 6239 6241 6243 6246 6249 6252 6255 6258 6262 6265 6269 6273 6277 6281 6286 6291 6297 6303 6310 6317 6325 6334 6344 6354 6365 6377 6389 6402 6415 6429 6443 6457 6472 6488 6503 6517 6531
-9 6318 6318 6317 6316 6315 6315 6314 6313 6312 6311 6311 6310 6308 6307 6306 6304 6302 6299 6297 6294 6290 6287 6283 6279 6275 6271 6267 6263 6259 6256 6252 6249 6246 6244 6242 6240 6238 6237 6237 6237 6237 6237 6238 6239 6241 6243 6245 6247 6249 6252 6255 6258 6261 6264 6267 6271 6275 6279 6283 6287 6292 6297 6302 6309 6315 6322 6330 6339 6349 6359 6370 6381 6393 6406 6419 6433 6447 6461 6475 6489 6506 6520 6534
-9 6321 6320 6320 6319 6318 6318 6317 6316 6316 6315 6314 6313 6312 6311 6310 6308 6306 6304 6301 6298 6295 6292 6288 6284 6280 6276 6273 6269 6265 6261 6258 6255 6252 6250 6247 6246 6244 6243 6243 6242 6243 6243 6244 6245 6247 6248 6250 6253 6255 6258 6261 6264 6267 6270 6273 6277 6281 6284 6289 6293 6298 6303 6308 6314 6321 6328 6336 6344 6353 6363 6374 6385 6397 6410 6423 6436 6450 6464 6478 6492 6509 6523 6537
-9 6324 6323 6323 6322 6322 6321 6320 6320 6319 6319 6318 6317 6316 6315 6314 6312 6310 6308 6306 6303 6300 6297 6293 6289 6286 6282 6278 6274 6270 6267 6263 6260 6258 6255 6253 6251 6250 6249 6248 6248 6248 6249 6250 6251 6253 6254 6256 6259 6261 6264 6267 6270 6273 6276 6279 6283 6286 6290 6294 6299 6303 6308 6314 6319 6326 6333 6341 6349 6358 6368 6379 6390 6401 6414 6427 6440 6453 6467 6481 6495 6511 6526 6539
-9 6327 6326 6326 6325 6325 6324 6324 6323 6323 6322 6322 6321 6320 6319 6318 6316 6315 6313 6310 6307 6305 6301 6298 6294 6291 6287 6283 6279 6276 6272 6269 6266 6263 6261 6259 6257 6256 6255 6254 6254 6254 6255 6256 6257 6258 6260 6262 6265 6267 6270 6273 6276 6279 6282 6285 6289 6292 6296 6300 6304 6309 6314 6319 6325 6331 6338 6346 6354 6363 6373 6383 6394 6405 6418 6430 6443 6457 6470 6484 6498 6514 6528 6541
-9 6330 6329 6329 6329 6328 6328 6327 6327 6326 6326 6325 6325 6324 6323 6322 6321 6319 6317 6315 6312 6309 6306 6303 6299 6296 6292 6288 6284 6281 6278 6274 6271 6269 6267 6265 6263 6262 6261 6260 6260 6260 6261 6262 6263 6264 6266 6268 6271 6273 6276 6279 6282 6285 6288 6291 6295 6298 6302 6306 6310 6315 6320 6325 6330 6337 6343 6351 6359 6368 6377 6387 6398 6409 6421 6434 6446 6460 6473 6487 6500 6514 6530 6543
-9 6333 6332 6332 6332 6331 6331 6331 6330 6330 6329 6329 6328 6328 6327 6326 6325 6323 6321 6319 6316 6314 6311 6307 6304 6301 6297 6293 6290 6286 6283 6280 6277 6274 6272 6270 6269 6267 6267 6266 6266 6266 6267 6268 6269 6270 6272 6274 6277 6279 6282 6285 6288 6291 6294 6297 6301 6305 6308 6312 6316 6321 6325 6331 6336 6342 6349 6356 6364 6373 6382 6392 6402 6413 6425 6437 6450 6463 6476 6489 6502 6516 6531 6545
-9 6336 6335 6335 6335 6335 6334 6334 6334 6333 6333 6333 6332 6331 6331 6330 6329 6327 6325 6323 6321 6318 6315 6312 6309 6305 6302 6298 6295 6291 6288 6285 6282 6280 6278 6276 6274 6273 6272 6272 6272 6272 6273 6274 6275 6276 6278 6280 6283 6285 6288 6291 6294 6297 6300 6304 6307 6311 6315 6318 6323 6327 6331 6336 6342 6348 6354 6362 6369 6378 6387 6396 6406 6417 6429 6441 6453 6466 6479 6492 6505 6518 6531 6546
-9 6339 6339 6338 6338 6338 6338 6337 6337 6337 6336 6336 6336 6335 6334 6334 6332 6331 6329 6327 6325 6323 6320 6317 6314 6310 6307 6303 6300 6297 6293 6291 6288 6285 6283 6282 6280 6279 6278 6278 6278 6278 6279 6280 6281 6283 6284 6287 6289 6292 6294 6297 6300 6303 6307 6310 6314 6317 6321 6325 6329 6333 6338 6343 6348 6354 6360 6367 6375 6383 6392 6401 6411 6421 6433 6444 6456 6469 6481 6494 6507 6520 6533 6547
-9 6342 6342 6342 6341 6341 6341 6341 6340 6340 6340 6340 6339 6339 6338 6337 6336 6335 6333 6331 6329 6327 6324 6321 6318 6315 6311 6308 6305 6302 6299 6296 6293 6291 6289 6287 6286 6285 6284 6284 6284 6284 6285 6286 6287 6289 6291 6293 6295 6298 6301 6304 6307 6310 6313 6317 6320 6324 6327 6331 6335 6339 6344 6349 6354 6360 6366 6373 6380 6388 6397 6406 6415 6426 6437 6448 6460 6472 6484 6497 6509 6522 6535 6547
-9 6345 6345 6345 6344 6344 6344 6344 6344 6343 6343 6343 6343 6342 6342 6341 6340 6339 6337 6335 6333 6331 6328 6325 6322 6319 6316 6313 6310 6307 6304 6301 6298 6296 6294 6293 6291 6290 6290 6290 6290 6290 6291 6292 6293 6295 6297 6299 6302 6304 6307 6310 6313 6316 6320 6323 6327 6330 6334 6338 6342 6346 6351 6355 6360 6366 6372 6379 6386 6394 6402 6411 6420 6430 6441 6452 6463 6475 6487 6500 6512 6524 6537 6549
-9 6346 6347 6346 6346 6347 6347 6347 6347 6347 6346 6345 6345 6344 6344 6343 6343 6342 6341 6339 6337 6335 6332 6330 6327 6324 6321 6317 6314 6311 6309 6306 6304 6302 6300 6298 6297 6296 6296 6296 6296 6296 6297 6298 6300 6301 6303 6306 6308 6311 6314 6317 6320 6323 6327 6330 6334 6337 6341 6345 6349 6353 6357 6362 6367 6373 6378 6385 6392 6399 6407 6416 6425 6435 6445 6456 6467 6479 6491 6503 6515 6527 6539 6551
-9 6349 6350 6350 6349 6349 6349 6349 6349 6349 6348 6348 6348 6348 6347 6347 6346 6345 6344 6342 6341 6338 6336 6334 6331 6328 6325 6322 6319 6316 6313 6311 6309 6307 6305 6304 6303 6302 6302 6302 6302 6302 6303 6305 6306 6308 6310 6312 6315 6318 6321 6324 6327 6330 6334 6337 6341 6344 6348 6352 6356 6360 6364 6369 6374 6379 6385 6391 6398 6406 6413 6422 6431 6440 6450 6461 6472 6483 6494 6506 6518 6530 6541 6553
