input/I57/I57_005yr24ha.asc
ncols        301
nrows        195
xllcorner    -92.313182000000
yllcorner    35.829066000000
cellsize     0.008333000000
NODATA_value -9
[rows 38 to 75 of 195, columns 168 to 251 of 301]
4550 4552 4553 4553 4553 4553 4554 4555 4555 4555 4555 4556 4556 4556 4556 4557 4557 4558 4558 4559 4560 4560 4561 4562 4563 4565 4566 4568 4569 4571 4573 4574 4576 4578 4579 4581 4582 4584 4585 4586 4587 4588 4589 4590 4591 4592 4593 4594 4595 4595 4596 4597 4598 4599 4601 4602 4603 4604 4605 4606 4608 4609 4610 4611 4613 4614 4615 4616 4618 4619 4620 4621 4622 4623 4624 4625 4626 4626 4627 4628 4628 4629 4629 4630
4551 4552 4553 4554 4555 4555 4556 4556 4557 4557 4557 4557 4557 4557 4558 4558 4558 4559 4559 4560 4561 4561 4562 4563 4564 4566 4567 4569 4570 4572 4574 4575 4577 4579 4581 4582 4584 4585 4586 4588 4589 4590 4591 4592 4593 4594 4595 4596 4597 4598 4599 4600 4601 4602 4603 4604 4605 4607 4608 4609 4610 4612 4613 4614 4616 4617 4618 4620 4621 4622 4623 4625 4626 4627 4628 4629 4629 4630 4631 4632 4632 4633 4633 4634
4553 4554 4555 4556 4556 4557 4557 4558 4558 4558 4558 4558 4558 4559 4559 4559 4559 4560 4560 4561 4562 4562 4563 4564 4565 4567 4568 4570 4571 4573 4575 4576 4578 4580 4582 4583 4585 4586 4588 4589 4590 4591 4592 4593 4594 4595 4596 4597 4598 4600 4601 4602 4603 4604 4605 4607 4608 4609 4610 4612 4613 4615 4616 4617 4619 4620 4622 4623 4624 4626 4627 4628 4629 4630 4631 4632 4633 4634 4635 4636 4636 4637 4637 4638
4555 4556 4557 4557 4558 4558 4559 4559 4559 4559 4559 4559 4560 4560 4560 4560 4560 4561 4561 4562 4562 4563 4564 4565 4566 4568 4569 4571 4572 4574 4576 4577 4579 4581 4583 4584 4586 4587 4589 4590 4591 4593 4594 4595 4596 4597 4598 4599 4600 4601 4602 4604 4605 4606 4607 4609 4610 4611 4613 4614 4616 4617 4619 4620 4622 4623 4625 4626 4628 4629 4630 4631 4633 4634 4635 4636 4637 4638 4638 4639 4640 4641 4641 4642
4556 4557 4558 4558 4559 4559 4560 4560 4560 4560 4560 4560 4560 4560 4561 4561 4561 4561 4562 4562 4563 4564 4565 4566 4567 4568 4570 4571 4573 4575 4576 4578 4580 4582 4584 4585 4587 4588 4590 4591 4593 4594 4595 4596 4597 4598 4599 4601 4602 4603 4604 4605 4607 4608 4609 4611 4612 4614 4615 4617 4618 4620 4621 4623 4624 4626 4627 4629 4630 4632 4633 4635 4636 4637 4638 4639 4640 4641 4642 4643 4644 4644 4645 4646
4557 4558 4559 4559 4560 4560 4561 4561 4561 4561 4561 4561 4561 4561 4561 4561 4562 4562 4562 4563 4564 4564 4565 4566 4568 4569 4570 4572 4574 4575 4577 4579 4581 4583 4584 4586 4588 4589 4591 4592 4593 4595 4596 4597 4598 4599 4601 4602 4603 4604 4606 4607 4608 4610 4611 4613 4614 4616 4617 4619 4620 4622 4624 4625 4627 4628 4630 4632 4633 4635 4636 4638 4639 4640 4641 4642 4643 4644 4645 4646 4647 4648 4649 4649
4558 4559 4560 4560 4561 4561 4561 4561 4562 4562 4562 4562 4561 4562 4562 4562 4562 4562 4563 4563 4564 4565 4566 4567 4568 4569 4571 4572 4574 4576 4578 4580 4581 4583 4585 4587 4588 4590 4591 4593 4594 4595 4597 4598 4599 4600 4602 4603 4604 4605 4607 4608 4610 4611 4613 4614 4616 4617 4619 4621 4622 4624 4626 4627 4629 4631 4633 4634 4636 4637 4639 4640 4642 4643 4644 4645 4647 4648 4649 4650 4650 4651 4652 4653
4559 4560 4560 4561 4561 4561 4562 4562 4562 4562 4562 4562 4562 4562 4562 4562 4562 4563 4563 4564 4565 4565 4566 4567 4568 4570 4571 4573 4574 4576 4578 4580 4582 4584 4585 4587 4589 4590 4592 4593 4595 4596 4597 4599 4600 4601 4602 4604 4605 4606 4608 4609 4611 4612 4614 4615 4617 4619 4620 4622 4624 4626 4628 4629 4631 4633 4635 4637 4638 4640 4641 4643 4644 4646 4647 4648 4649 4651 4652 4653 4654 4654 4655 4656
4559 4560 4560 4561 4561 4562 4562 4562 4562 4562 4562 4562 4562 4562 4562 4562 4562 4563 4563 4564 4565 4566 4566 4568 4569 4570 4571 4573 4575 4576 4578 4580 4582 4584 4586 4587 4589 4591 4592 4594 4595 4596 4598 4599 4600 4602 4603 4604 4606 4607 4609 4610 4612 4613 4615 4617 4618 4620 4622 4624 4625 4627 4629 4631 4633 4635 4637 4639 4640 4642 4644 4645 4647 4648 4650 4651 4652 4653 4654 4656 4657 4657 4658 4659
4559 4560 4561 4561 4561 4562 4562 4562 4562 4562 4562 4562 4562 4562 4562 4562 4562 4563 4563 4564 4565 4566 4567 4568 4569 4570 4572 4573 4575 4577 4578 4580 4582 4584 4586 4587 4589 4591 4592 4594 4595 4596 4598 4599 4600 4602 4603 4605 4606 4608 4609 4611 4612 4614 4616 4617 4619 4621 4623 4625 4627 4629 4631 4633 4635 4637 4639 4640 4642 4644 4646 4648 4649 4651 4652 4653 4655 4656 4657 4658 4659 4660 4661 4662
4559 4560 4561 4561 4561 4562 4562 4562 4562 4562 4562 4562 4562 4562 4562 4562 4562 4563 4563 4564 4565 4566 4567 4568 4569 4570 4572 4573 4575 4577 4578 4580 4582 4584 4586 4587 4589 4590 4592 4593 4595 4596 4598 4599 4600 4602 4603 4605 4606 4608 4609 4611 4613 4614 4616 4618 4620 4622 4624 4626 4628 4630 4632 4634 4636 4638 4640 4642 4644 4646 4648 4650 4651 4653 4654 4656 4657 4658 4660 4661 4662 4663 4664 4665
4559 4560 4560 4561 4561 4561 4562 4562 4562 4562 4562 4562 4562 4562 4562 4562 4562 4563 4563 4564 4565 4566 4567 4568 4569 4570 4572 4573 4575 4576 4578 4580 4582 4584 4585 4587 4589 4590 4592 4593 4594 4596 4597 4599 4600 4601 4603 4604 4606 4608 4609 4611 4613 4615 4616 4618 4620 4622 4624 4626 4629 4631 4633 4635 4637 4639 4642 4644 4646 4648 4650 4651 4653 4655 4656 4658 4659 4661 4662 4663 4664 4666 4667 4668
4559 4560 4560 4561 4561 4561 4561 4561 4561 4561 4561 4561 4561 4562 4562 4562 4562 4563 4563 4564 4565 4566 4567 4568 4569 4570 4572 4573 4575 4576 4578 4580 4581 4583 4585 4586 4588 4590 4591 4592 4594 4595 4597 4598 4599 4601 4602 4604 4606 4607 4609 4611 4613 4615 4616 4618 4620 4623 4625 4627 4629 4631 4634 4636 4638 4641 4643 4645 4647 4649 4651 4653 4655 4657 4658 4660 4661 4663 4664 4665 4667 4668 4669 4670
4559 4560 4560 4561 4561 4561 4561 4561 4561 4561 4561 4561 4561 4561 4562 4562 4562 4563 4563 4564 4565 4566 4567 4568 4569 4570 4571 4573 4574 4576 4578 4579 4581 4583 4584 4586 4587 4589 4590 4592 4593 4595 4596 4597 4599 4600 4602 4603 4605 4607 4609 4610 4612 4614 4616 4618 4621 4623 4625 4627 4630 4632 4634 4637 4639 4641 4644 4646 4648 4650 4653 4655 4656 4658 4660 4662 4663 4665 4666 4668 4669 4670 4671 4673
4559 4560 4560 4560 4561 4561 4561 4561 4561 4561 4561 4561 4561 4561 4562 4562 4562 4563 4563 4564 4565 4566 4567 4568 4569 4570 4571 4573 4574 4576 4577 4579 4580 4582 4584 4585 4587 4588 4589 4591 4592 4594 4595 4596 4598 4599 4601 4603 4604 4606 4608 4610 4612 4614 4616 4618 4620 4623 4625 4627 4630 4632 4635 4637 4640 4642 4645 4647 4649 4652 4654 4656 4658 4660 4662 4663 4665 4666 4668 4669 4671 4672 4674 4675
4559 4560 4560 4560 4561 4561 4561 4561 4561 4561 4561 4561 4561 4561 4562 4562 4562 4563 4563 4564 4565 4566 4567 4568 4569 4570 4571 4572 4574 4575 4577 4578 4580 4581 4583 4584 4586 4587 4589 4590 4591 4593 4594 4595 4597 4598 4600 4602 4603 4605 4607 4609 4611 4613 4616 4618 4620 4622 4625 4627 4630 4632 4635 4638 4640 4643 4645 4648 4650 4653 4655 4657 4659 4661 4663 4665 4666 4668 4670 4671 4673 4674 4675 4677
4559 4560 4560 4560 4561 4561 4561 4561 4561 4561 4561 4561 4561 4561 4562 4562 4562 4563 4563 4564 4565 4566 4567 4568 4569 4570 4571 4572 4574 4575 4576 4578 4579 4581 4582 4583 4585 4586 4587 4589 4590 4591 4593 4594 4596 4597 4599 4601 4602 4604 4606 4608 4610 4613 4615 4617 4620 4622 4625 4627 4630 4633 4635 4638 4641 4643 4646 4648 4651 4653 4656 4658 4660 4662 4664 4666 4668 4670 4671 4673 4674 4676 4677 4679
4560 4560 4560 4561 4561 4561 4561 4561 4561 4561 4561 4561 4562 4562 4562 4562 4563 4563 4564 4564 4565 4566 4567 4568 4569 4570 4571 4572 4573 4575 4576 4577 4579 4580 4581 4583 4584 4585 4586 4588 4589 4590 4592 4593 4595 4596 4598 4600 4601 4603 4605 4607 4610 4612 4614 4617 4619 4622 4624 4627 4630 4632 4635 4638 4641 4644 4646 4649 4652 4654 4656 4659 4661 4663 4665 4667 4669 4671 4673 4674 4676 4677 4679 4680
4560 4561 4561 4561 4561 4561 4562 4562 4562 4562 4562 4562 4562 4562 4562 4563 4563 4563 4564 4565 4565 4566 4567 4568 4569 4570 4571 4572 4573 4574 4576 4577 4578 4579 4580 4582 4583 4584 4585 4586 4588 4589 4590 4592 4593 4595 4597 4598 4600 4602 4604 4606 4609 4611 4613 4616 4619 4621 4624 4627 4629 4632 4635 4638 4641 4644 4647 4649 4652 4655 4657 4660 4662 4664 4666 4668 4670 4672 4674 4675 4677 4679 4680 4682
4561 4561 4561 4562 4562 4562 4562 4562 4562 4562 4562 4562 4562 4563 4563 4563 4563 4564 4564 4565 4566 4566 4567 4568 4569 4570 4571 4572 4573 4574 4575 4576 4577 4579 4580 4581 4582 4583 4584 4585 4587 4588 4589 4590 4592 4594 4595 4597 4599 4601 4603 4605 4608 4610 4613 4615 4618 4621 4623 4626 4629 4632 4635 4638 4641 4644 4647 4650 4652 4655 4658 4660 4662 4665 4667 4669 4671 4673 4675 4676 4678 4680 4681 4681
4561 4562 4562 4562 4563 4563 4563 4563 4563 4563 4563 4563 4563 4563 4563 4564 4564 4564 4565 4565 4566 4567 4567 4568 4569 4570 4571 4572 4573 4574 4575 4576 4577 4578 4579 4580 4581 4582 4583 4584 4585 4587 4588 4589 4591 4592 4594 4596 4598 4600 4602 4604 4607 4609 4612 4614 4617 4620 4623 4626 4629 4632 4635 4638 4641 4644 4647 4650 4653 4655 4658 4661 4663 4665 4668 4670 4672 4674 4674 4675 4677 4679 4680 4682
4562 4563 4563 4563 4563 4563 4563 4563 4564 4564 4564 4564 4564 4564 4564 4564 4565 4565 4565 4566 4567 4567 4568 4568 4569 4570 4571 4572 4573 4574 4575 4576 4576 4577 4578 4579 4580 4581 4582 4583 4584 4585 4587 4588 4590 4591 4593 4595 4597 4599 4601 4603 4606 4608 4611 4614 4616 4619 4622 4625 4628 4631 4634 4638 4641 4644 4647 4650 4653 4656 4658 4661 4663 4666 4668 4670 4672 4672 4674 4676 4678 4679 4681 4682
4564 4564 4564 4564 4564 4564 4564 4564 4564 4564 4564 4565 4565 4565 4565 4565 4565 4566 4566 4567 4567 4568 4568 4569 4570 4570 4571 4572 4573 4574 4574 4575 4576 4577 4578 4579 4580 4580 4581 4582 4583 4584 4586 4587 4588 4590 4592 4594 4596 4598 4600 4602 4605 4607 4610 4613 4616 4619 4622 4625 4628 4631 4634 4637 4640 4644 4647 4650 4653 4656 4658 4661 4664 4666 4668 4671 4671 4673 4675 4676 4678 4680 4681 4683
4565 4565 4565 4565 4565 4566 4566 4566 4566 4566 4566 4566 4566 4566 4566 4566 4566 4567 4567 4567 4568 4568 4569 4570 4570 4571 4571 4572 4573 4574 4574 4575 4576 4577 4577 4578 4579 4580 4581 4582 4583 4584 4585 4586 4588 4589 4591 4593 4595 4597 4599 4601 4604 4607 4609 4612 4615 4618 4621 4624 4627 4631 4634 4637 4640 4643 4647 4650 4653 4656 4659 4661 4664 4666 4669 4669 4671 4673 4675 4677 4678 4680 4681 4683
4566 4566 4567 4567 4567 4567 4567 4567 4567 4567 4567 4567 4567 4567 4567 4567 4567 4568 4568 4568 4569 4569 4570 4570 4571 4571 4572 4573 4573 4574 4575 4575 4576 4577 4577 4578 4579 4579 4580 4581 4582 4583 4584 4585 4587 4588 4590 4592 4594 4596 4598 4601 4603 4606 4609 4611 4614 4617 4621 4624 4627 4630 4633 4637 4640 4643 4647 4650 4653 4656 4659 4661 4664 4667 4667 4669 4671 4673 4675 4677 4678 4680 4681 4683
4568 4568 4568 4568 4568 4568 4568 4568 4568 4568 4568 4568 4568 4568 4568 4568 4568 4569 4569 4569 4570 4570 4571 4571 4572 4572 4573 4573 4574 4574 4575 4575 4576 4577 4577 4578 4578 4579 4580 4581 4581 4582 4583 4585 4586 4588 4589 4591 4593 4595 4598 4600 4603 4605 4608 4611 4614 4617 4620 4623 4626 4630 4633 4636 4640 4643 4646 4649 4653 4656 4659 4661 4664 4665 4667 4669 4671 4673 4675 4676 4678 4680 4681 4683
4569 4569 4569 4570 4570 4570 4570 4570 4570 4569 4569 4569 4569 4569 4569 4570 4570 4570 4570 4571 4571 4571 4572 4572 4572 4573 4573 4574 4574 4575 4575 4576 4576 4577 4577 4578 4578 4579 4580 4580 4581 4582 4583 4584 4586 4587 4589 4591 4593 4595 4597 4599 4602 4605 4607 4610 4613 4616 4620 4623 4626 4629 4633 4636 4639 4643 4646 4649 4652 4655 4657 4659 4662 4664 4667 4669 4671 4673 4674 4676 4678 4679 4681 4682
4571 4571 4571 4571 4571 4571 4571 4571 4571 4571 4571 4571 4571 4571 4571 4571 4571 4571 4571 4572 4572 4572 4573 4573 4573 4574 4574 4575 4575 4575 4576 4576 4577 4577 4578 4578 4578 4579 4580 4580 4581 4582 4583 4584 4585 4587 4588 4590 4592 4594 4597 4599 4601 4604 4607 4610 4613 4616 4619 4622 4626 4629 4632 4636 4639 4642 4646 4649 4651 4654 4657 4659 4662 4664 4666 4668 4670 4672 4674 4676 4677 4679 4680 4682
4572 4573 4573 4573 4573 4573 4573 4573 4573 4573 4573 4572 4572 4572 4572 4572 4573 4573 4573 4573 4573 4574 4574 4574 4574 4575 4575 4575 4576 4576 4577 4577 4577 4578 4578 4578 4579 4579 4580 4580 4581 4582 4583 4584 4585 4587 4588 4590 4592 4594 4596 4599 4601 4604 4607 4609 4612 4616 4619 4622 4625 4629 4632 4635 4639 4642 4645 4648 4650 4653 4656 4659 4661 4663 4666 4668 4670 4672 4673 4675 4677 4678 4679 4681
4574 4574 4574 4575 4575 4575 4575 4574 4574 4574 4574 4574 4574 4574 4574 4574 4574 4574 4574 4574 4575 4575 4575 4575 4576 4576 4576 4576 4577 4577 4577 4578 4578 4578 4578 4579 4579 4579 4580 4580 4581 4582 4583 4584 4585 4586 4588 4590 4592 4594 4596 4598 4601 4603 4606 4609 4612 4615 4618 4621 4625 4628 4631 4635 4638 4641 4644 4647 4650 4653 4655 4658 4660 4663 4665 4667 4669 4671 4673 4674 4676 4677 4679 4680
4576 4576 4576 4576 4576 4576 4576 4576 4576 4576 4576 4576 4576 4576 4576 4576 4576 4576 4576 4576 4576 4576 4576 4577 4577 4577 4577 4578 4578 4578 4578 4578 4579 4579 4579 4579 4580 4580 4580 4581 4581 4582 4583 4584 4585 4586 4588 4590 4592 4594 4596 4598 4601 4603 4606 4609 4612 4615 4618 4621 4624 4627 4631 4634 4637 4640 4643 4646 4649 4652 4655 4657 4660 4662 4664 4666 4668 4670 4672 4673 4675 4676 4677 4679
4578 4578 4578 4578 4578 4578 4578 4578 4578 4578 4578 4578 4578 4577 4577 4577 4577 4577 4577 4578 4578 4578 4578 4578 4578 4578 4579 4579 4579 4579 4579 4579 4580 4580 4580 4580 4580 4581 4581 4581 4582 4583 4583 4584 4585 4587 4588 4590 4592 4594 4596 4598 4600 4603 4606 4608 4611 4614 4617 4620 4624 4627 4630 4633 4636 4639 4642 4645 4648 4651 4654 4656 4659 4661 4663 4665 4667 4669 4671 4672 4674 4675 4676 4677
4579 4580 4580 4580 4580 4580 4580 4580 4580 4580 4580 4579 4579 4579 4579 4579 4579 4579 4579 4579 4579 4579 4579 4580 4580 4580 4580 4580 4580 4580 4580 4581 4581 4581 4581 4581 4581 4581 4582 4582 4582 4583 4584 4585 4586 4587 4588 4590 4592 4594 4596 4598 4600 4603 4605 4608 4611 4614 4617 4620 4623 4626 4629 4632 4635 4638 4641 4644 4647 4650 4652 4655 4657 4660 4662 4664 4666 4667 4669 4671 4672 4673 4674 4675
4581 4581 4581 4582 4582 4582 4582 4582 4582 4581 4581 4581 4581 4581 4581 4581 4581 4581 4581 4581 4581 4581 4581 4581 4581 4581 4581 4581 4582 4582 4582 4582 4582 4582 4582 4582 4582 4582 4582 4583 4583 4584 4584 4585 4586 4587 4589 4590 4592 4594 4596 4598 4600 4602 4605 4608 4610 4613 4616 4619 4622 4625 4628 4631 4634 4637 4640 4643 4646 4649 4651 4654 4656 4658 4660 4662 4664 4666 4668 4669 4670 4672 4673 4674
4583 4583 4583 4583 4583 4583 4583 4583 4583 4583 4583 4583 4583 4583 4583 4583 4583 4583 4582 4583 4583 4583 4583 4583 4583 4583 4583 4583 4583 4583 4583 4583 4583 4583 4583 4583 4583 4583 4583 4583 4584 4584 4585 4586 4587 4588 4589 4590 4592 4594 4596 4598 4600 4602 4605 4607 4610 4613 4615 4618 4622 4624 4627 4630 4633 4636 4639 4642 4644 4647 4650 4652 4654 4657 4659 4661 4662 4664 4666 4667 4669 4670 4671 4672
4584 4585 4585 4585 4585 4585 4585 4585 4585 4585 4585 4585 4585 4585 4585 4584 4584 4584 4584 4584 4584 4584 4584 4584 4584 4584 4584 4584 4584 4584 4584 4584 4584 4584 4584 4584 4584 4584 4584 4584 4585 4585 4586 4586 4587 4588 4589 4591 4592 4594 4596 4598 4600 4602 4604 4607 4609 4612 4615 4617 4621 4623 4626 4629 4632 4635 4637 4640 4643 4645 4648 4650 4653 4655 4657 4659 4661 4662 4664 4665 4666 4668 4669 4669
4586 4586 4586 4587 4587 4587 4587 4587 4587 4587 4587 4587 4587 4586 4586 4586 4586 4586 4586 4586 4586 4586 4586 4586 4586 4586 4586 4586 4586 4586 4586 4586 4585 4585 4585 4585 4585 4585 4585 4585 4585 4586 4586 4587 4588 4589 4590 4591 4592 4594 4596 4598 4600 4602 4604 4606 4609 4611 4614 4617 4619 4622 4625 4628 4630 4633 4636 4638 4641 4644 4646 4648 4651 4653 4655 4657 4658 4660 4662 4663 4664 4665 4666 4667
4587 4588 4588 4588 4588 4589 4589 4589 4589 4589 4588 4588 4588 4588 4588 4588 4588 4588 4588 4588 4588 4588 4588 4588 4588 4588 4588 4587 4587 4587 4587 4587 4587 4587 4586 4586 4586 4586 4586 4586 4586 4587 4587 4588 4588 4589 4590 4591 4593 4594 4596 4598 4599 4601 4604 4606 4608 4611 4613 4616 4618 4621 4623 4626 4629 4631 4634 4637 4639 4642 4644 4646 4649 4651 4653 4654 4656 4658 4659 4661 4662 4663 4664 4665
