input/I57/I57_025yr24ha.asc
ncols        301
nrows        195
xllcorner    -92.313182000000
yllcorner    35.829066000000
cellsize     0.008333000000
NODATA_value -9
[rows 152 to 189 of 195, columns 168 to 251 of 301]
6302 6301 6301 6301 6301 6301 6302 6303 6303 6305 6306 6307 6309 6311 6313 6316 6318 6321 6323 6326 6329 6332 6335 6338 6340 6343 6346 6349 6352 6355 6358 6361 6364 6367 6370 6373 6376 6380 6383 6386 6390 6393 6397 6400 6404 6408 6412 6416 6420 6425 6429 6434 6439 6444 6449 6455 6461 6466 6473 6479 6485 6492 6499 6506 6514 6521 6529 6537 6545 6554 6562 6571 6579 6588 6596 6605 6613 6620 6628 6635 6641 6648 6653 6659
6300 6300 6299 6299 6299 6299 6299 6299 6300 6301 6302 6303 6305 6307 6309 6311 6313 6315 6318 6320 6323 6326 6329 6331 6334 6337 6340 6343 6345 6348 6351 6354 6357 6360 6363 6366 6369 6372 6376 6379 6382 6386 6389 6393 6397 6401 6405 6409 6413 6418 6422 6427 6432 6437 6442 6448 6454 6459 6466 6472 6479 6485 6492 6499 6507 6514 6522 6530 6539 6547 6555 6564 6573 6581 6590 6598 6606 6614 6621 6628 6634 6641 6646 6652
6299 6298 6297 6297 6296 6296 6296 6296 6297 6297 6298 6299 6301 6302 6304 6306 6308 6310 6312 6315 6317 6320 6322 6325 6328 6330 6333 6336 6338 6341 6344 6347 6350 6353 6356 6359 6362 6365 6368 6371 6375 6378 6382 6386 6389 6393 6397 6401 6406 6410 6415 6420 6425 6430 6435 6441 6447 6452 6459 6465 6472 6478 6485 6493 6500 6508 6516 6524 6532 6540 6549 6557 6566 6574 6583 6591 6599 6607 6614 6621 6628 6634 6639 6644
6298 6297 6296 6295 6294 6294 6293 6293 6293 6294 6294 6295 6296 6297 6299 6301 6302 6304 6307 6309 6311 6313 6316 6318 6321 6323 6326 6329 6331 6334 6337 6340 6342 6345 6348 6351 6354 6357 6361 6364 6367 6371 6374 6378 6382 6386 6390 6394 6398 6403 6408 6412 6417 6423 6428 6434 6439 6445 6452 6458 6465 6472 6479 6486 6493 6501 6509 6517 6525 6534 6542 6551 6559 6568 6576 6584 6592 6600 6607 6614 6621 6627 6632 6637
6297 6296 6294 6293 6292 6291 6291 6290 6290 6290 6290 6291 6292 6293 6294 6295 6297 6299 6301 6303 6305 6307 6309 6312 6314 6316 6319 6321 6324 6327 6329 6332 6335 6338 6341 6344 6347 6350 6353 6356 6359 6363 6367 6370 6374 6378 6382 6386 6391 6395 6400 6405 6410 6415 6421 6427 6432 6438 6445 6451 6458 6465 6472 6479 6487 6494 6502 6510 6519 6527 6536 6544 6553 6561 6570 6578 6586 6593 6601 6607 6614 6620 6625 6630
6296 6294 6293 6291 6290 6289 6288 6287 6287 6287 6287 6287 6287 6288 6289 6290 6291 6293 6295 6297 6298 6300 6303 6305 6307 6309 6312 6314 6317 6319 6322 6324 6327 6330 6333 6336 6339 6342 6345 6348 6352 6355 6359 6362 6366 6370 6374 6379 6383 6388 6393 6398 6403 6408 6414 6419 6425 6432 6438 6444 6451 6458 6465 6473 6480 6488 6496 6504 6512 6521 6529 6538 6546 6555 6563 6571 6579 6587 6594 6601 6607 6613 6618 6623
6295 6293 6292 6290 6288 6287 6286 6285 6284 6283 6283 6283 6283 6283 6284 6285 6286 6287 6289 6290 6292 6294 6296 6298 6300 6302 6304 6307 6309 6311 6314 6317 6319 6322 6325 6328 6331 6334 6337 6340 6344 6347 6351 6354 6358 6362 6367 6371 6376 6380 6385 6390 6395 6401 6406 6412 6418 6425 6431 6438 6444 6452 6459 6466 6474 6482 6490 6498 6506 6514 6523 6531 6540 6548 6557 6565 6573 6580 6587 6594 6600 6606 6611 6616
6295 6293 6290 6288 6286 6285 6283 6282 6281 6280 6279 6278 6278 6278 6279 6279 6280 6281 6282 6284 6285 6287 6289 6291 6292 6295 6297 6299 6301 6304 6306 6309 6311 6314 6317 6320 6323 6326 6329 6332 6335 6339 6343 6346 6350 6354 6359 6363 6368 6373 6378 6383 6388 6394 6399 6405 6411 6418 6424 6431 6438 6445 6452 6460 6467 6475 6483 6491 6500 6508 6517 6525 6534 6542 6550 6558 6566 6574 6581 6587 6593 6599 6604 6609
6294 6292 6289 6287 6285 6282 6281 6279 6277 6276 6275 6274 6274 6273 6274 6274 6274 6275 6276 6277 6279 6280 6282 6283 6285 6287 6289 6291 6293 6296 6298 6300 6303 6306 6308 6311 6314 6317 6320 6324 6327 6331 6334 6338 6342 6346 6351 6355 6360 6365 6370 6375 6381 6386 6392 6398 6404 6411 6417 6424 6431 6438 6446 6453 6461 6469 6477 6485 6494 6502 6511 6519 6528 6536 6544 6552 6560 6567 6574 6580 6586 6592 6597 6602
6294 6291 6288 6285 6283 6280 6278 6276 6274 6272 6271 6270 6269 6269 6268 6268 6268 6269 6270 6271 6272 6273 6274 6276 6277 6279 6281 6283 6285 6287 6290 6292 6295 6297 6300 6303 6306 6309 6312 6315 6319 6322 6326 6330 6334 6338 6343 6347 6352 6357 6362 6368 6373 6379 6385 6391 6397 6404 6411 6418 6425 6432 6439 6447 6455 6463 6471 6479 6488 6496 6504 6513 6521 6530 6538 6546 6553 6561 6567 6574 6580 6585 6590 6594
6293 6290 6287 6284 6281 6278 6275 6273 6271 6269 6267 6266 6264 6264 6263 6263 6263 6263 6263 6264 6265 6266 6267 6268 6270 6271 6273 6275 6277 6279 6281 6284 6286 6289 6292 6294 6297 6300 6304 6307 6310 6314 6318 6322 6326 6330 6335 6339 6344 6349 6355 6360 6366 6372 6378 6384 6390 6397 6404 6411 6418 6426 6433 6441 6449 6457 6465 6473 6482 6490 6498 6507 6515 6524 6532 6540 6547 6554 6561 6567 6573 6578 6583 6587
6293 6289 6286 6282 6279 6276 6273 6270 6268 6265 6263 6261 6260 6258 6258 6257 6257 6256 6257 6257 6258 6258 6259 6261 6262 6263 6265 6267 6269 6271 6273 6275 6278 6280 6283 6286 6289 6292 6295 6298 6302 6306 6310 6314 6318 6322 6327 6331 6336 6342 6347 6353 6358 6364 6371 6377 6384 6390 6397 6405 6412 6419 6427 6435 6443 6451 6459 6467 6476 6484 6493 6501 6509 6517 6526 6533 6541 6548 6554 6560 6566 6571 6576 6580
6293 6289 6285 6281 6277 6274 6270 6267 6264 6262 6259 6257 6255 6253 6252 6251 6251 6250 6250 6250 6251 6251 6252 6253 6254 6256 6257 6259 6261 6263 6265 6267 6269 6272 6275 6277 6280 6283 6287 6290 6294 6297 6301 6305 6310 6314 6319 6324 6329 6334 6339 6345 6351 6357 6364 6370 6377 6384 6391 6398 6406 6413 6421 6429 6437 6445 6453 6462 6470 6478 6487 6495 6503 6511 6519 6527 6534 6541 6548 6554 6559 6564 6569 6573
6292 6288 6284 6280 6276 6272 6268 6264 6261 6258 6255 6252 6250 6248 6247 6245 6245 6244 6244 6243 6244 6244 6245 6245 6246 6248 6249 6251 6252 6254 6256 6259 6261 6263 6266 6269 6272 6275 6278 6282 6285 6289 6293 6297 6301 6306 6311 6316 6321 6326 6332 6338 6344 6350 6357 6363 6370 6377 6385 6392 6400 6407 6415 6423 6431 6439 6448 6456 6464 6473 6481 6489 6497 6505 6513 6521 6528 6535 6541 6547 6552 6557 6562 6565
6292 6287 6283 6278 6274 6270 6265 6262 6258 6254 6251 6248 6246 6243 6241 6240 6239 6238 6237 6237 6237 6237 6237 6238 6239 6240 6241 6243 6244 6246 6248 6250 6253 6255 6258 6261 6263 6267 6270 6273 6277 6281 6285 6289 6293 6298 6303 6308 6313 6319 6325 6331 6337 6343 6350 6357 6364 6371 6378 6386 6394 6401 6409 6417 6425 6434 6442 6450 6459 6467 6475 6483 6491 6499 6507 6515 6522 6528 6534 6540 6545 6550 6554 6558
6292 6287 6282 6277 6272 6267 6263 6259 6255 6251 6247 6244 6241 6238 6236 6234 6233 6232 6231 6230 6230 6230 6230 6231 6231 6232 6233 6235 6236 6238 6240 6242 6244 6247 6250 6252 6255 6258 6262 6265 6269 6273 6277 6281 6286 6290 6295 6301 6306 6312 6318 6324 6330 6337 6343 6350 6357 6365 6372 6380 6388 6396 6404 6412 6420 6428 6436 6445 6453 6461 6470 6478 6486 6493 6501 6508 6515 6522 6528 6533 6538 6543 6547 6551
6291 6286 6281 6275 6270 6265 6261 6256 6251 6247 6243 6240 6236 6234 6231 6229 6227 6226 6224 6224 6223 6223 6223 6223 6224 6225 6226 6227 6229 6230 6232 6234 6236 6239 6242 6244 6247 6250 6254 6257 6261 6265 6269 6273 6278 6283 6288 6293 6299 6305 6311 6317 6323 6330 6337 6344 6351 6359 6366 6374 6382 6390 6398 6406 6415 6423 6431 6439 6448 6456 6464 6472 6480 6488 6495 6502 6509 6515 6521 6526 6531 6536 6540 6543
6291 6285 6279 6274 6269 6263 6258 6253 6248 6244 6240 6236 6232 6229 6226 6224 6221 6220 6218 6217 6217 6216 6216 6216 6217 6217 6218 6220 6221 6223 6224 6226 6229 6231 6234 6237 6240 6243 6246 6250 6253 6257 6262 6266 6271 6276 6281 6286 6292 6298 6304 6310 6317 6324 6331 6338 6345 6353 6361 6369 6377 6385 6393 6401 6409 6418 6426 6434 6442 6450 6458 6466 6474 6482 6489 6496 6503 6509 6514 6520 6524 6529 6532 6536
6290 6284 6278 6273 6267 6261 6256 6250 6245 6240 6236 6232 6228 6224 6221 6218 6216 6214 6212 6211 6210 6210 6209 6209 6210 6210 6211 6212 6214 6215 6217 6219 6221 6224 6226 6229 6232 6235 6239 6242 6246 6250 6254 6259 6264 6269 6274 6279 6285 6291 6297 6304 6311 6318 6325 6332 6340 6347 6355 6363 6371 6380 6388 6396 6404 6412 6421 6429 6437 6445 6453 6461 6469 6476 6483 6490 6496 6502 6508 6513 6517 6521 6525 6528
6289 6283 6277 6271 6265 6259 6253 6248 6242 6237 6232 6228 6224 6220 6216 6213 6211 6209 6207 6205 6204 6203 6203 6203 6203 6204 6204 6205 6207 6208 6210 6212 6214 6217 6219 6222 6225 6228 6232 6235 6239 6243 6248 6252 6257 6262 6267 6273 6279 6285 6291 6298 6305 6312 6319 6327 6334 6342 6350 6358 6366 6375 6383 6391 6399 6408 6416 6424 6432 6440 6448 6456 6463 6470 6477 6484 6490 6496 6501 6506 6510 6514 6518 6521
6289 6282 6276 6270 6263 6257 6251 6245 6239 6234 6229 6224 6220 6216 6212 6209 6206 6203 6201 6200 6198 6198 6197 6197 6197 6197 6198 6199 6200 6202 6203 6205 6207 6210 6212 6215 6218 6222 6225 6229 6233 6237 6241 6246 6251 6256 6261 6267 6273 6279 6285 6292 6299 6306 6314 6321 6329 6337 6345 6353 6361 6370 6378 6386 6395 6403 6411 6419 6427 6435 6443 6450 6458 6465 6471 6478 6484 6489 6495 6499 6503 6507 6511 6513
6288 6281 6275 6268 6262 6255 6249 6243 6237 6231 6226 6220 6216 6212 6208 6204 6201 6198 6196 6194 6193 6192 6191 6191 6191 6191 6192 6193 6194 6195 6197 6199 6201 6203 6206 6209 6212 6215 6219 6222 6226 6230 6235 6240 6245 6250 6255 6261 6267 6273 6280 6287 6294 6301 6309 6316 6324 6332 6340 6349 6357 6365 6373 6382 6390 6398 6406 6414 6422 6430 6438 6445 6452 6459 6466 6472 6478 6483 6488 6493 6497 6500 6503 6506
6287 6280 6273 6267 6260 6253 6247 6240 6234 6228 6222 6217 6212 6208 6204 6200 6197 6194 6191 6189 6188 6187 6186 6185 6185 6185 6186 6187 6188 6189 6191 6193 6195 6197 6200 6203 6206 6209 6213 6216 6220 6225 6229 6234 6239 6244 6250 6256 6262 6268 6275 6282 6289 6296 6304 6312 6319 6328 6336 6344 6352 6361 6369 6377 6386 6394 6402 6410 6418 6425 6433 6440 6447 6454 6460 6466 6472 6477 6482 6486 6490 6493 6496 6499
6286 6279 6272 6265 6258 6251 6244 6238 6231 6225 6219 6214 6209 6204 6200 6196 6192 6189 6187 6185 6183 6182 6181 6180 6180 6180 6180 6181 6182 6184 6185 6187 6189 6192 6194 6197 6200 6204 6207 6211 6215 6219 6224 6229 6234 6239 6245 6250 6257 6263 6270 6277 6284 6292 6299 6307 6315 6323 6331 6340 6348 6356 6365 6373 6381 6389 6397 6405 6413 6421 6428 6435 6442 6449 6455 6461 6466 6471 6476 6480 6483 6487 6489 6492
6285 6278 6271 6263 6256 6249 6242 6235 6229 6223 6217 6211 6206 6201 6196 6192 6188 6185 6183 6180 6178 6177 6176 6175 6175 6175 6175 6176 6177 6178 6180 6182 6184 6187 6189 6192 6195 6199 6202 6206 6210 6214 6219 6224 6229 6234 6240 6246 6252 6258 6265 6272 6280 6287 6295 6303 6311 6319 6327 6336 6344 6352 6361 6369 6377 6385 6393 6401 6409 6416 6424 6431 6437 6444 6450 6455 6461 6465 6470 6474 6477 6480 6483 6485
6284 6277 6269 6262 6255 6247 6240 6233 6227 6220 6214 6208 6203 6197 6193 6189 6185 6181 6179 6176 6174 6173 6171 6171 6170 6170 6171 6171 6172 6174 6175 6177 6179 6182 6184 6187 6190 6194 6197 6201 6205 6210 6214 6219 6224 6230 6235 6241 6248 6254 6261 6268 6276 6283 6291 6299 6307 6315 6323 6332 6340 6349 6357 6365 6373 6381 6389 6397 6405 6412 6419 6426 6433 6439 6445 6450 6455 6460 6464 6468 6471 6474 6476 6478
6283 6275 6268 6260 6253 6246 6238 6231 6224 6218 6211 6205 6200 6194 6190 6185 6181 6178 6175 6172 6170 6169 6167 6166 6166 6166 6166 6167 6168 6169 6171 6173 6175 6177 6180 6183 6186 6189 6193 6197 6201 6205 6210 6215 6220 6225 6231 6237 6244 6250 6257 6264 6272 6279 6287 6295 6303 6312 6320 6328 6337 6345 6353 6361 6370 6377 6385 6393 6400 6408 6415 6421 6428 6434 6440 6445 6450 6454 6458 6462 6465 6467 6470 6472
6282 6274 6267 6259 6251 6244 6237 6229 6222 6215 6209 6203 6197 6192 6187 6182 6178 6175 6172 6169 6167 6165 6164 6163 6162 6162 6162 6163 6164 6165 6167 6168 6171 6173 6176 6179 6182 6185 6189 6193 6197 6201 6206 6211 6216 6222 6227 6233 6240 6247 6253 6261 6268 6276 6284 6292 6300 6308 6316 6325 6333 6341 6350 6358 6366 6374 6382 6389 6397 6404 6411 6417 6423 6429 6435 6440 6445 6449 6453 6456 6459 6461 6463 6465
6281 6273 6265 6258 6250 6242 6235 6227 6220 6213 6207 6201 6195 6189 6184 6180 6175 6172 6169 6166 6163 6162 6160 6159 6158 6158 6158 6159 6160 6161 6163 6165 6167 6169 6172 6175 6178 6181 6185 6189 6193 6198 6202 6207 6212 6218 6224 6230 6236 6243 6250 6257 6265 6272 6280 6288 6297 6305 6313 6321 6330 6338 6346 6354 6362 6370 6378 6385 6393 6400 6406 6413 6419 6425 6430 6435 6440 6444 6447 6450 6453 6455 6457 6459
6280 6272 6264 6256 6249 6241 6233 6226 6219 6212 6205 6199 6193 6187 6182 6177 6173 6169 6166 6163 6160 6159 6157 6156 6155 6155 6155 6156 6157 6158 6159 6161 6163 6166 6169 6171 6175 6178 6182 6186 6190 6194 6199 6204 6209 6215 6221 6227 6233 6240 6247 6254 6262 6269 6277 6285 6293 6302 6310 6318 6327 6335 6343 6351 6359 6367 6374 6382 6389 6396 6402 6409 6415 6420 6426 6430 6435 6439 6442 6445 6448 6450 6451 6453
6279 6271 6263 6255 6247 6240 6232 6224 6217 6210 6203 6197 6191 6185 6180 6175 6171 6167 6163 6160 6158 6156 6154 6153 6152 6152 6152 6153 6153 6155 6156 6158 6160 6163 6165 6168 6171 6175 6178 6182 6187 6191 6196 6201 6206 6212 6218 6224 6230 6237 6244 6251 6259 6266 6274 6282 6290 6299 6307 6315 6324 6332 6340 6348 6356 6363 6371 6378 6385 6392 6398 6405 6411 6416 6421 6426 6430 6434 6437 6440 6442 6444 6446 6447
6278 6270 6262 6254 6246 6239 6231 6223 6216 6208 6202 6195 6189 6183 6178 6173 6168 6164 6161 6158 6155 6153 6152 6150 6150 6149 6149 6150 6151 6152 6153 6155 6157 6160 6162 6165 6169 6172 6176 6180 6184 6188 6193 6198 6203 6209 6215 6221 6227 6234 6241 6248 6256 6264 6272 6280 6288 6296 6304 6312 6321 6329 6337 6345 6352 6360 6367 6375 6382 6388 6395 6401 6406 6412 6417 6421 6425 6429 6432 6434 6437 6439 6440 6441
6277 6270 6262 6254 6246 6238 6230 6222 6214 6207 6200 6194 6187 6182 6176 6171 6167 6163 6159 6156 6153 6151 6149 6148 6147 6147 6147 6147 6148 6149 6151 6153 6155 6157 6160 6163 6166 6169 6173 6177 6181 6186 6190 6195 6201 6206 6212 6218 6225 6232 6239 6246 6253 6261 6269 6277 6285 6293 6302 6310 6318 6326 6334 6342 6349 6357 6364 6371 6378 6385 6391 6397 6402 6407 6412 6417 6420 6424 6427 6429 6431 6433 6434 6436
6277 6269 6261 6253 6245 6237 6229 6221 6213 6206 6199 6192 6186 6180 6175 6170 6165 6161 6157 6154 6151 6149 6147 6146 6145 6145 6145 6145 6146 6147 6149 6150 6152 6155 6158 6160 6164 6167 6171 6175 6179 6183 6188 6193 6198 6204 6210 6216 6223 6229 6236 6244 6251 6259 6267 6275 6283 6291 6299 6307 6315 6323 6331 6339 6346 6354 6361 6368 6375 6381 6387 6393 6398 6403 6408 6412 6416 6419 6422 6424 6426 6428 6429 6430
6277 6269 6261 6252 6244 6236 6228 6220 6213 6205 6198 6191 6185 6179 6173 6168 6164 6160 6156 6153 6150 6148 6146 6144 6143 6143 6143 6143 6144 6145 6147 6148 6150 6153 6155 6158 6161 6165 6168 6172 6177 6181 6186 6191 6196 6202 6208 6214 6220 6227 6234 6241 6249 6257 6264 6272 6280 6288 6297 6305 6313 6321 6328 6336 6344 6351 6358 6365 6371 6377 6383 6389 6394 6399 6404 6408 6411 6414 6417 6419 6421 6422 6424 6424
6277 6268 6260 6252 6244 6236 6228 6220 6212 6205 6197 6191 6184 6178 6172 6167 6163 6158 6155 6151 6148 6146 6144 6143 6142 6141 6141 6142 6142 6143 6145 6147 6149 6151 6154 6156 6160 6163 6167 6170 6175 6179 6184 6189 6194 6200 6206 6212 6218 6225 6232 6239 6247 6254 6262 6270 6278 6286 6294 6302 6310 6318 6326 6333 6341 6348 6355 6362 6368 6374 6380 6385 6390 6395 6399 6403 6407 6409 6412 6414 6416 6417 6418 6419
6276 6268 6260 6252 6244 6235 6227 6219 6212 6204 6197 6190 6183 6177 6172 6166 6162 6157 6154 6150 6147 6145 6143 6142 6140 6140 6140 6140 6141 6142 6143 6145 6147 6149 6152 6155 6158 6161 6165 6169 6173 6177 6182 6187 6192 6198 6204 6210 6217 6223 6230 6238 6245 6253 6260 6268 6276 6284 6292 6300 6308 6316 6323 6331 6338 6345 6352 6358 6365 6371 6376 6382 6386 6391 6395 6399 6402 6405 6407 6409 6411 6412 6413 6413
6277 6268 6260 6252 6244 6235 6227 6219 6211 6204 6196 6189 6183 6177 6171 6166 6161 6157 6153 6149 6146 6144 6142 6140 6139 6139 6139 6139 6139 6140 6142 6144 6146 6148 6150 6153 6156 6160 6163 6167 6171 6176 6181 6186 6191 6196 6202 6208 6215 6222 6229 6236 6243 6251 6259 6266 6274 6282 6290 6298 6306 6314 6321 6328 6336 6342 6349 6356 6362 6367 6373 6378 6383 6387 6391 6394 6397 6400 6402 6404 6406 6407 6407 6408
