input/I57/I57_500yr24ha.asc
ncols        301
nrows        195
xllcorner    -92.313182000000
yllcorner    35.829066000000
cellsize     0.008333000000
NODATA_value -9
[rows 0 to 34 of 195, columns 0 to 78 of 301]
-9 8900 8900 8900 8899 8899 8899 8898 8897 8896 8895 8894 8893 8891 8890 8888 8887 8885 8883 8881 8878 8876 8874 8872 8869 8867 8864 8862 8859 8857 8854 8852 8850 8848 8846 8844 8842 8840 8839 8837 8836 8835 8835 8834 8834 8834 8834 8835 8835 8836 8838 8840 8842 8844 8847 8850 8853 8860 8864 8868 8872 8877 8882 8888 8894 8899 8904 8911 8917 8924 8932 8939 8947 8955 8963 8971 8979 8988 8996
-9 8884 8884 8884 8884 8883 8883 8882 8881 8880 8879 8878 8877 8876 8874 8872 8871 8869 8867 8865 8862 8860 8858 8856 8853 8851 8848 8846 8843 8841 8838 8836 8834 8832 8830 8828 8826 8825 8823 8822 8821 8820 8819 8819 8819 8819 8819 8820 8821 8822 8824 8826 8828 8831 8833 8837 8840 8847 8851 8855 8860 8865 8871 8876 8882 8888 8893 8900 8907 8914 8922 8929 8937 8945 8954 8962 8971 8979 8988
-9 8868 8868 8868 8868 8868 8867 8866 8866 8865 8864 8862 8861 8860 8858 8857 8855 8853 8851 8849 8847 8844 8842 8840 8837 8835 8832 8830 8827 8825 8823 8820 8818 8816 8814 8812 8811 8809 8808 8807 8806 8805 8804 8804 8804 8804 8805 8806 8807 8808 8810 8812 8814 8817 8820 8823 8830 8834 8839 8843 8848 8853 8859 8865 8871 8877 8882 8889 8896 8904 8911 8919 8928 8936 8945 8953 8962 8971 8980
-9 8853 8853 8853 8853 8852 8852 8851 8850 8849 8848 8847 8846 8844 8843 8841 8839 8837 8835 8833 8831 8829 8827 8824 8822 8819 8817 8814 8812 8809 8807 8805 8803 8801 8799 8797 8795 8794 8793 8792 8791 8790 8790 8790 8790 8790 8791 8791 8793 8794 8796 8798 8801 8804 8807 8810 8818 8822 8826 8831 8836 8842 8847 8853 8859 8864 8871 8878 8886 8893 8901 8910 8918 8927 8936 8945 8954 8963 8973
-9 8838 8838 8838 8837 8837 8836 8836 8835 8834 8833 8832 8830 8829 8827 8826 8824 8822 8820 8818 8816 8814 8811 8809 8807 8804 8802 8799 8797 8794 8792 8790 8787 8785 8784 8782 8780 8779 8778 8777 8776 8776 8775 8775 8775 8776 8777 8778 8779 8781 8783 8785 8788 8791 8794 8798 8802 8810 8814 8819 8824 8830 8836 8839 8846 8853 8860 8867 8875 8883 8891 8900 8909 8918 8927 8936 8945 8955 8965
-9 8823 8823 8823 8822 8822 8821 8821 8820 8819 8818 8816 8815 8814 8812 8811 8809 8807 8805 8803 8801 8799 8796 8794 8791 8789 8787 8784 8782 8779 8777 8775 8773 8771 8769 8767 8766 8764 8763 8762 8762 8761 8761 8761 8761 8762 8763 8764 8765 8767 8769 8772 8775 8778 8781 8785 8789 8794 8799 8804 8809 8815 8821 8828 8835 8842 8849 8857 8865 8873 8882 8890 8899 8908 8918 8927 8937 8947 8957
-9 8809 8808 8808 8808 8807 8806 8806 8805 8804 8803 8802 8800 8799 8797 8796 8794 8792 8790 8788 8786 8784 8782 8779 8777 8774 8772 8769 8767 8765 8762 8760 8758 8756 8754 8753 8751 8750 8749 8748 8748 8748 8747 8748 8748 8749 8750 8751 8752 8754 8757 8759 8762 8765 8769 8773 8777 8782 8787 8792 8798 8804 8810 8817 8824 8831 8839 8847 8855 8863 8872 8881 8890 8900 8909 8919 8929 8939 8949
-9 8794 8794 8794 8793 8793 8792 8791 8790 8789 8788 8787 8786 8784 8783 8781 8780 8778 8776 8774 8772 8769 8767 8765 8762 8760 8758 8755 8753 8750 8748 8746 8744 8742 8740 8739 8738 8736 8736 8735 8734 8734 8734 8734 8735 8736 8737 8738 8740 8742 8744 8747 8750 8753 8757 8761 8766 8771 8776 8781 8787 8793 8800 8806 8813 8821 8829 8837 8845 8854 8863 8872 8881 8891 8901 8911 8921 8931 8942
-9 8780 8780 8779 8779 8778 8778 8777 8776 8775 8774 8773 8771 8770 8769 8767 8765 8763 8762 8760 8757 8755 8753 8751 8748 8746 8744 8741 8739 8737 8734 8732 8730 8729 8727 8725 8724 8723 8722 8722 8721 8721 8721 8722 8722 8723 8724 8726 8728 8730 8732 8735 8738 8742 8746 8750 8754 8759 8765 8770 8776 8782 8789 8796 8803 8811 8819 8827 8835 8844 8853 8863 8872 8882 8892 8903 8913 8924 8935
-9 8766 8766 8766 8765 8764 8764 8763 8762 8761 8760 8759 8757 8756 8755 8753 8751 8750 8748 8746 8744 8741 8739 8737 8735 8732 8730 8728 8725 8723 8721 8719 8717 8715 8714 8712 8711 8710 8710 8709 8709 8709 8709 8709 8710 8711 8712 8714 8716 8718 8721 8724 8727 8731 8735 8739 8744 8749 8754 8760 8766 8772 8779 8786 8793 8801 8809 8818 8826 8835 8845 8854 8864 8874 8884 8895 8906 8917 8928
-9 8753 8752 8752 8751 8751 8750 8749 8748 8747 8746 8745 8744 8742 8741 8739 8738 8736 8734 8732 8730 8728 8726 8724 8721 8719 8717 8714 8712 8710 8708 8706 8704 8703 8701 8700 8699 8698 8697 8697 8697 8697 8697 8698 8698 8699 8701 8702 8705 8707 8710 8713 8716 8720 8724 8728 8733 8738 8744 8750 8756 8762 8769 8776 8784 8792 8800 8808 8817 8826 8836 8846 8856 8866 8877 8887 8898 8909 8921
-9 8740 8739 8739 8738 8737 8737 8736 8735 8734 8733 8731 8730 8729 8727 8726 8724 8722 8721 8719 8717 8715 8713 8710 8708 8706 8704 8702 8699 8697 8695 8694 8692 8690 8689 8688 8687 8686 8685 8685 8685 8685 8686 8686 8687 8688 8690 8692 8694 8696 8699 8702 8706 8710 8714 8718 8723 8728 8734 8740 8746 8753 8760 8767 8775 8783 8791 8800 8809 8818 8828 8838 8848 8858 8869 8880 8891 8903 8914
-9 8727 8726 8726 8725 8724 8723 8723 8722 8721 8719 8718 8717 8716 8714 8713 8711 8709 8708 8706 8704 8702 8700 8698 8696 8693 8691 8689 8687 8685 8683 8682 8680 8679 8677 8676 8675 8675 8674 8674 8674 8674 8675 8675 8676 8678 8679 8681 8683 8686 8689 8692 8696 8700 8704 8709 8714 8719 8725 8731 8737 8744 8751 8758 8766 8774 8783 8791 8801 8810 8820 8830 8840 8851 8862 8873 8885 8896 8908
-9 8714 8714 8713 8712 8711 8711 8710 8709 8708 8707 8705 8704 8703 8701 8700 8698 8697 8695 8693 8691 8689 8687 8685 8683 8681 8679 8677 8675 8673 8672 8670 8668 8667 8666 8665 8664 8664 8663 8663 8663 8664 8664 8665 8666 8667 8669 8671 8673 8676 8679 8683 8686 8690 8695 8699 8705 8710 8716 8722 8728 8735 8742 8750 8758 8766 8775 8784 8793 8802 8812 8823 8833 8844 8855 8867 8878 8890 8902
-9 8702 8701 8701 8700 8699 8698 8697 8696 8695 8694 8693 8692 8690 8689 8688 8686 8684 8683 8681 8679 8677 8675 8673 8671 8669 8668 8666 8664 8662 8660 8659 8657 8656 8655 8654 8653 8653 8653 8653 8653 8653 8654 8655 8656 8658 8660 8662 8664 8667 8670 8673 8677 8681 8686 8691 8696 8701 8707 8714 8720 8727 8734 8742 8750 8758 8767 8776 8785 8795 8805 8816 8826 8837 8849 8860 8872 8884 8896
-9 8690 8689 8689 8688 8687 8686 8685 8684 8683 8682 8681 8680 8678 8677 8676 8674 8673 8671 8669 8667 8666 8664 8662 8660 8658 8656 8654 8653 8651 8649 8648 8647 8645 8645 8644 8643 8643 8643 8643 8643 8644 8644 8645 8647 8648 8650 8653 8655 8658 8661 8665 8669 8673 8678 8682 8688 8693 8699 8706 8712 8719 8727 8734 8743 8751 8760 8769 8779 8788 8799 8809 8820 8831 8843 8854 8866 8878 8890
-9 8679 8678 8677 8676 8675 8674 8674 8673 8671 8670 8669 8668 8667 8665 8664 8663 8661 8659 8658 8656 8654 8653 8651 8649 8647 8645 8644 8642 8640 8639 8638 8636 8635 8634 8634 8633 8633 8633 8633 8634 8634 8635 8636 8638 8640 8642 8644 8647 8650 8653 8657 8661 8665 8670 8675 8680 8686 8692 8698 8705 8712 8720 8727 8736 8744 8753 8762 8772 8782 8792 8803 8814 8825 8837 8849 8861 8873 8885
-9 8667 8667 8666 8665 8664 8663 8662 8661 8660 8659 8658 8657 8655 8654 8653 8651 8650 8648 8647 8645 8643 8642 8640 8638 8637 8635 8633 8632 8630 8629 8628 8626 8626 8625 8624 8624 8624 8624 8624 8625 8625 8627 8628 8629 8631 8633 8636 8638 8642 8645 8649 8653 8657 8662 8667 8673 8679 8685 8691 8698 8705 8713 8721 8729 8738 8747 8756 8766 8776 8786 8797 8808 8820 8831 8843 8855 8868 8880
-9 8657 8656 8655 8654 8653 8652 8651 8650 8649 8648 8647 8646 8645 8643 8642 8641 8639 8638 8636 8635 8633 8631 8630 8628 8626 8625 8623 8622 8620 8619 8618 8617 8616 8616 8615 8615 8615 8615 8616 8616 8617 8618 8620 8621 8623 8625 8628 8631 8634 8638 8641 8646 8650 8655 8660 8666 8672 8678 8685 8692 8699 8707 8715 8723 8732 8741 8750 8760 8770 8781 8792 8803 8814 8826 8838 8851 8863 8876
-9 8646 8646 8645 8644 8643 8642 8641 8640 8639 8638 8636 8635 8634 8633 8632 8630 8629 8627 8626 8624 8623 8621 8620 8618 8617 8615 8614 8612 8611 8610 8609 8608 8607 8607 8607 8606 8607 8607 8607 8608 8609 8610 8612 8614 8616 8618 8621 8624 8627 8631 8635 8639 8644 8649 8654 8660 8666 8672 8679 8686 8693 8701 8709 8717 8726 8735 8745 8755 8765 8776 8787 8798 8809 8821 8834 8846 8859 8871
-9 8636 8636 8635 8634 8633 8632 8631 8630 8629 8627 8626 8625 8624 8623 8622 8620 8619 8618 8616 8615 8613 8612 8610 8609 8607 8606 8605 8603 8602 8601 8600 8599 8599 8599 8598 8598 8599 8599 8600 8601 8602 8603 8605 8607 8609 8611 8614 8617 8620 8624 8628 8633 8637 8643 8648 8654 8660 8666 8673 8680 8688 8695 8704 8712 8721 8730 8740 8750 8760 8771 8782 8793 8805 8817 8829 8842 8855 8867
-9 8627 8626 8625 8624 8623 8622 8621 8620 8619 8618 8617 8615 8614 8613 8612 8611 8609 8608 8607 8605 8604 8603 8601 8600 8598 8597 8596 8595 8594 8593 8592 8591 8591 8591 8591 8591 8591 8592 8592 8593 8595 8596 8598 8600 8602 8605 8608 8611 8614 8618 8622 8627 8632 8637 8643 8648 8655 8661 8668 8675 8683 8691 8699 8707 8716 8726 8735 8745 8756 8767 8778 8789 8801 8813 8825 8838 8851 8864
-9 8618 8617 8616 8615 8614 8613 8612 8610 8609 8608 8607 8606 8605 8604 8603 8602 8600 8599 8598 8596 8595 8594 8593 8591 8590 8589 8588 8587 8586 8585 8584 8584 8583 8583 8583 8584 8584 8585 8586 8587 8588 8590 8592 8594 8596 8599 8602 8605 8609 8613 8617 8622 8627 8632 8638 8644 8650 8656 8663 8671 8678 8686 8694 8703 8712 8721 8731 8741 8752 8763 8774 8785 8797 8809 8822 8835 8847 8861
-9 8609 8608 8607 8606 8605 8604 8603 8601 8600 8599 8598 8597 8596 8595 8594 8593 8592 8590 8589 8588 8587 8586 8584 8583 8582 8581 8580 8579 8578 8577 8577 8577 8576 8576 8577 8577 8578 8578 8579 8581 8582 8584 8586 8588 8591 8594 8597 8600 8604 8608 8612 8617 8622 8628 8633 8639 8646 8652 8659 8667 8674 8682 8691 8699 8708 8718 8728 8738 8748 8759 8771 8782 8794 8806 8819 8832 8845 8858
-9 8600 8599 8598 8597 8596 8595 8594 8593 8592 8591 8590 8589 8588 8587 8586 8585 8583 8582 8581 8580 8579 8578 8577 8576 8575 8574 8573 8572 8571 8571 8570 8570 8570 8570 8570 8571 8572 8573 8574 8575 8577 8579 8581 8583 8586 8589 8592 8596 8600 8604 8608 8613 8618 8624 8630 8636 8642 8649 8656 8663 8671 8679 8688 8696 8705 8715 8725 8735 8745 8756 8768 8779 8791 8803 8816 8829 8842 8855
-9 8592 8591 8590 8589 8588 8587 8586 8585 8584 8583 8582 8581 8580 8579 8578 8577 8576 8575 8574 8572 8571 8570 8569 8568 8567 8567 8566 8565 8565 8564 8564 8564 8564 8564 8565 8565 8566 8567 8569 8570 8572 8574 8576 8579 8582 8585 8588 8592 8596 8600 8605 8610 8615 8620 8626 8633 8639 8646 8653 8661 8668 8676 8685 8694 8703 8712 8722 8732 8743 8754 8765 8777 8789 8801 8814 8827 8840 8853
-9 8584 8583 8582 8581 8580 8579 8578 8577 8576 8575 8574 8573 8572 8571 8570 8569 8568 8567 8566 8565 8564 8563 8563 8562 8561 8560 8559 8559 8558 8558 8558 8558 8558 8559 8559 8560 8561 8563 8564 8566 8568 8570 8572 8575 8578 8581 8585 8588 8593 8597 8602 8607 8612 8618 8624 8630 8637 8644 8651 8658 8666 8674 8683 8692 8701 8710 8720 8731 8741 8752 8763 8775 8787 8799 8812 8825 8838 8851
-9 8577 8576 8575 8574 8572 8571 8570 8569 8568 8567 8566 8566 8565 8564 8563 8562 8561 8560 8559 8559 8558 8557 8556 8555 8555 8554 8553 8553 8553 8553 8553 8553 8553 8554 8555 8556 8557 8558 8560 8562 8564 8566 8569 8571 8575 8578 8582 8586 8590 8594 8599 8604 8610 8616 8622 8628 8635 8642 8649 8657 8665 8673 8681 8690 8699 8709 8719 8729 8740 8751 8762 8774 8786 8798 8811 8823 8837 8850
-9 8570 8569 8567 8566 8565 8564 8563 8562 8561 8560 8559 8559 8558 8557 8556 8555 8555 8554 8553 8552 8552 8551 8550 8550 8549 8548 8548 8548 8548 8548 8548 8548 8549 8549 8550 8552 8553 8554 8556 8558 8560 8563 8566 8569 8572 8575 8579 8583 8588 8593 8598 8603 8608 8614 8620 8627 8634 8641 8648 8656 8664 8672 8680 8689 8698 8708 8718 8728 8739 8750 8761 8773 8785 8797 8810 8823 8836 8849
-9 8563 8562 8561 8560 8558 8557 8556 8555 8554 8554 8553 8552 8551 8550 8550 8549 8548 8548 8547 8546 8546 8545 8545 8544 8544 8543 8543 8543 8543 8543 8543 8544 8545 8546 8547 8548 8550 8551 8553 8555 8558 8560 8563 8566 8570 8574 8578 8582 8586 8591 8596 8602 8607 8613 8620 8626 8633 8640 8647 8655 8663 8671 8680 8689 8698 8708 8718 8728 8739 8750 8761 8772 8784 8797 8809 8822 8835 8849
-9 8557 8555 8554 8553 8552 8551 8550 8549 8548 8547 8546 8546 8545 8544 8544 8543 8543 8542 8541 8541 8540 8540 8539 8539 8539 8538 8538 8538 8539 8539 8539 8540 8541 8542 8543 8545 8547 8549 8551 8553 8556 8558 8561 8565 8568 8572 8576 8581 8585 8590 8596 8601 8607 8613 8619 8626 8633 8640 8648 8655 8663 8672 8680 8689 8698 8708 8718 8728 8739 8750 8761 8773 8784 8797 8809 8822 8835 8848
-9 8550 8549 8548 8547 8546 8545 8544 8543 8542 8541 8540 8540 8539 8539 8538 8537 8537 8537 8536 8536 8535 8535 8535 8534 8534 8534 8534 8534 8535 8535 8536 8537 8538 8539 8541 8542 8544 8546 8549 8551 8554 8557 8560 8564 8568 8572 8576 8580 8585 8590 8596 8601 8607 8613 8620 8627 8634 8641 8648 8656 8664 8673 8681 8690 8699 8709 8719 8729 8740 8751 8762 8773 8785 8797 8810 8823 8836 8849
-9 8544 8543 8542 8541 8540 8539 8538 8537 8536 8535 8535 8534 8534 8533 8533 8532 8532 8531 8531 8531 8531 8530 8530 8530 8530 8530 8530 8531 8531 8532 8533 8534 8535 8537 8538 8540 8542 8545 8547 8550 8553 8556 8560 8563 8567 8571 8576 8581 8586 8591 8596 8602 8608 8615 8621 8628 8635 8642 8650 8658 8666 8674 8683 8692 8701 8711 8720 8731 8741 8752 8763 8775 8786 8799 8811 8824 8837 8850
-9 8539 8538 8536 8535 8534 8533 8532 8531 8531 8530 8529 8529 8528 8528 8528 8527 8527 8527 8527 8526 8526 8526 8526 8526 8526 8527 8527 8528 8528 8529 8530 8531 8533 8535 8537 8539 8541 8544 8546 8549 8552 8556 8559 8563 8567 8572 8577 8581 8587 8592 8598 8604 8610 8616 8623 8630 8637 8644 8652 8660 8668 8676 8685 8694 8703 8713 8723 8733 8743 8754 8765 8777 8788 8800 8813 8825 8838 8852
-9 8533 8532 8531 8530 8529 8528 8527 8526 8525 8525 8524 8524 8523 8523 8523 8523 8522 8522 8522 8522 8522 8522 8523 8523 8523 8524 8524 8525 8526 8527 8528 8530 8531 8533 8535 8538 8540 8543 8546 8549 8552 8556 8560 8564 8568 8573 8578 8583 8588 8594 8600 8606 8612 8618 8625 8632 8640 8647 8655 8663 8671 8679 8688 8697 8706 8716 8726 8736 8746 8757 8768 8779 8791 8803 8815 8828 8841 8854
