input/I57/I57_010yr24ha.asc
ncols        301
nrows        195
xllcorner    -92.313182000000
yllcorner    35.829066000000
cellsize     0.008333000000
NODATA_value -9
[rows 152 to 189 of 195, columns 84 to 167 of 301]
5555 5553 5551 5549 5547 5545 5543 5541 5539 5537 5535 5533 5530 5528 5526 5524 5522 5520 5518 5516 5514 5512 5509 5507 5504 5502 5499 5496 5493 5490 5487 5483 5479 5475 5471 5467 5462 5457 5452 5448 5442 5437 5432 5427 5422 5417 5411 5406 5401 5396 5391 5387 5382 5378 5373 5369 5365 5362 5358 5355 5351 5348 5345 5342 5340 5337 5335 5336 5334 5332 5330 5329 5327 5325 5324 5322 5321 5320 5319 5317 5317 5316 5315 5314
5556 5554 5552 5550 5548 5546 5544 5542 5540 5538 5536 5534 5532 5530 5528 5526 5524 5522 5520 5518 5515 5513 5511 5508 5506 5503 5501 5498 5495 5491 5488 5485 5481 5477 5473 5468 5464 5459 5454 5449 5444 5439 5434 5429 5424 5419 5414 5409 5404 5399 5394 5390 5385 5381 5377 5373 5369 5365 5361 5358 5355 5351 5348 5346 5343 5340 5338 5339 5337 5335 5333 5331 5329 5328 5326 5324 5323 5322 5320 5319 5318 5317 5316 5316
5557 5555 5553 5551 5549 5547 5545 5543 5541 5539 5537 5535 5533 5531 5529 5527 5525 5523 5521 5519 5516 5514 5512 5510 5507 5504 5502 5499 5496 5493 5489 5486 5482 5478 5474 5470 5465 5461 5456 5451 5447 5442 5437 5432 5427 5422 5417 5412 5407 5402 5398 5393 5389 5384 5380 5376 5372 5368 5365 5361 5358 5355 5352 5349 5346 5344 5345 5343 5340 5338 5336 5334 5332 5330 5329 5327 5325 5324 5323 5321 5320 5319 5318 5317
5557 5555 5553 5551 5549 5547 5545 5543 5541 5539 5537 5535 5533 5531 5529 5527 5525 5523 5521 5519 5517 5515 5513 5510 5508 5505 5503 5500 5497 5494 5490 5487 5483 5479 5475 5471 5467 5463 5458 5453 5449 5444 5439 5434 5429 5424 5420 5415 5410 5405 5401 5396 5392 5388 5384 5380 5376 5372 5369 5365 5362 5359 5356 5353 5350 5347 5348 5346 5344 5341 5339 5337 5335 5333 5331 5330 5328 5326 5325 5323 5322 5321 5320 5319
5557 5555 5553 5551 5549 5547 5545 5543 5541 5540 5538 5536 5534 5532 5530 5528 5526 5524 5522 5520 5517 5515 5513 5511 5508 5506 5503 5500 5497 5494 5491 5488 5484 5481 5477 5473 5468 5464 5460 5455 5451 5446 5441 5437 5432 5427 5423 5418 5413 5409 5405 5400 5396 5392 5388 5384 5380 5376 5373 5369 5366 5363 5360 5357 5354 5355 5352 5350 5347 5345 5343 5341 5339 5336 5335 5333 5331 5329 5327 5326 5324 5323 5321 5320
5556 5554 5553 5551 5549 5547 5545 5543 5541 5539 5537 5535 5533 5531 5529 5527 5525 5523 5521 5519 5517 5515 5513 5511 5508 5506 5503 5501 5498 5495 5492 5488 5485 5481 5478 5474 5470 5466 5461 5457 5453 5448 5444 5439 5435 5430 5426 5421 5417 5413 5408 5404 5400 5396 5392 5388 5384 5381 5377 5374 5371 5367 5364 5361 5359 5359 5356 5354 5351 5349 5347 5344 5342 5340 5338 5336 5334 5332 5330 5328 5327 5325 5323 5322
5555 5553 5552 5550 5548 5546 5544 5542 5540 5538 5536 5534 5533 5531 5529 5527 5525 5523 5521 5519 5517 5515 5513 5510 5508 5506 5503 5501 5498 5495 5492 5489 5486 5482 5478 5475 5471 5467 5463 5459 5455 5450 5446 5442 5438 5433 5429 5425 5421 5416 5412 5408 5404 5400 5396 5393 5389 5385 5382 5379 5375 5372 5369 5366 5366 5363 5361 5358 5355 5353 5351 5348 5346 5344 5341 5339 5337 5335 5333 5331 5329 5327 5326 5324
5554 5552 5550 5549 5547 5545 5543 5541 5539 5537 5535 5533 5532 5530 5528 5526 5524 5522 5520 5518 5516 5514 5512 5510 5508 5505 5503 5500 5498 5495 5492 5489 5486 5483 5479 5476 5472 5468 5464 5461 5457 5453 5449 5445 5441 5437 5432 5428 5424 5420 5416 5413 5409 5405 5401 5397 5394 5390 5387 5383 5380 5377 5374 5371 5371 5368 5365 5362 5360 5357 5355 5352 5350 5347 5345 5343 5340 5338 5336 5334 5332 5330 5328 5326
5552 5551 5549 5547 5545 5543 5542 5540 5538 5536 5534 5532 5530 5528 5526 5525 5523 5521 5519 5517 5515 5513 5511 5509 5507 5505 5502 5500 5497 5495 5492 5489 5486 5483 5480 5477 5473 5470 5466 5462 5459 5455 5451 5447 5444 5440 5436 5432 5428 5424 5421 5417 5413 5410 5406 5402 5399 5395 5392 5389 5385 5382 5379 5378 5375 5372 5370 5367 5364 5362 5359 5356 5354 5351 5349 5346 5344 5342 5339 5337 5335 5332 5330 5328
5551 5549 5547 5545 5543 5542 5540 5538 5536 5534 5532 5530 5529 5527 5525 5523 5521 5519 5518 5516 5514 5512 5510 5508 5506 5504 5501 5499 5497 5494 5492 5489 5486 5483 5480 5477 5474 5471 5468 5464 5461 5457 5454 5450 5447 5443 5439 5436 5432 5429 5425 5421 5418 5414 5411 5407 5404 5400 5397 5394 5391 5387 5386 5383 5380 5377 5374 5372 5369 5366 5363 5361 5358 5355 5353 5350 5347 5345 5342 5340 5337 5335 5332 5330
5549 5547 5545 5543 5542 5540 5538 5536 5534 5532 5531 5529 5527 5525 5523 5521 5520 5518 5516 5514 5512 5511 5509 5507 5505 5503 5501 5498 5496 5494 5491 5489 5486 5484 5481 5478 5475 5472 5469 5466 5463 5459 5456 5453 5450 5446 5443 5440 5436 5433 5429 5426 5423 5419 5416 5412 5409 5406 5402 5399 5397 5394 5391 5388 5385 5382 5379 5376 5373 5371 5368 5365 5362 5359 5357 5354 5351 5348 5346 5343 5340 5337 5335 5332
5547 5545 5543 5541 5539 5538 5536 5534 5532 5530 5528 5527 5525 5523 5521 5519 5518 5516 5514 5513 5511 5509 5507 5505 5504 5502 5500 5498 5496 5493 5491 5489 5486 5484 5481 5479 5476 5473 5470 5468 5465 5462 5459 5456 5453 5449 5446 5443 5440 5437 5434 5430 5427 5424 5421 5417 5414 5411 5408 5405 5402 5399 5396 5393 5390 5387 5384 5381 5378 5375 5372 5369 5366 5363 5361 5358 5355 5352 5349 5346 5343 5340 5337 5334
5545 5543 5541 5539 5537 5535 5534 5532 5530 5528 5526 5525 5523 5521 5519 5518 5516 5514 5512 5511 5509 5508 5506 5504 5502 5500 5499 5497 5495 5493 5491 5489 5486 5484 5482 5479 5477 5474 5472 5469 5467 5464 5461 5458 5456 5453 5450 5447 5444 5441 5438 5435 5432 5429 5426 5422 5419 5416 5413 5410 5407 5404 5401 5398 5395 5392 5389 5386 5383 5380 5377 5374 5371 5368 5365 5361 5358 5355 5352 5349 5346 5343 5339 5336
5543 5541 5539 5537 5535 5533 5531 5529 5528 5526 5524 5522 5521 5519 5517 5515 5514 5512 5511 5509 5507 5506 5504 5503 5501 5499 5498 5496 5494 5492 5490 5488 5486 5484 5482 5480 5478 5476 5473 5471 5468 5466 5463 5461 5458 5456 5453 5450 5448 5445 5442 5439 5436 5433 5430 5427 5424 5421 5418 5415 5412 5409 5405 5402 5399 5396 5393 5390 5387 5384 5381 5378 5375 5372 5368 5365 5362 5359 5355 5352 5349 5345 5342 5338
5541 5539 5537 5535 5533 5531 5529 5527 5525 5524 5522 5520 5518 5517 5515 5513 5512 5510 5509 5507 5506 5504 5501 5500 5498 5497 5496 5495 5493 5492 5490 5488 5486 5484 5483 5481 5479 5477 5475 5472 5470 5468 5466 5464 5461 5459 5456 5454 5451 5449 5446 5444 5441 5438 5435 5432 5429 5426 5422 5419 5416 5413 5410 5407 5404 5401 5398 5395 5392 5388 5385 5382 5379 5375 5372 5369 5365 5362 5358 5355 5351 5348 5344 5340
5538 5536 5534 5532 5530 5529 5527 5525 5523 5521 5519 5518 5516 5514 5513 5511 5510 5508 5507 5505 5504 5502 5500 5499 5497 5496 5494 5494 5492 5491 5489 5488 5486 5485 5483 5481 5479 5478 5476 5474 5472 5470 5468 5466 5464 5462 5460 5457 5455 5453 5450 5448 5445 5442 5440 5437 5434 5430 5427 5424 5421 5418 5415 5412 5408 5405 5402 5399 5396 5393 5389 5386 5383 5379 5376 5372 5369 5365 5361 5358 5354 5350 5346 5342
5536 5534 5532 5530 5528 5526 5524 5522 5520 5519 5517 5515 5514 5512 5510 5509 5507 5506 5505 5503 5502 5501 5499 5497 5496 5495 5493 5493 5492 5490 5489 5488 5486 5485 5483 5482 5480 5479 5477 5475 5474 5472 5470 5468 5466 5464 5462 5460 5458 5456 5454 5452 5449 5447 5444 5441 5439 5434 5431 5428 5425 5422 5419 5416 5413 5410 5406 5403 5400 5397 5393 5390 5386 5383 5379 5376 5372 5368 5364 5360 5356 5352 5348 5344
5534 5532 5530 5528 5526 5524 5522 5520 5518 5516 5514 5513 5511 5510 5508 5507 5505 5504 5503 5501 5500 5499 5497 5496 5495 5494 5492 5492 5491 5490 5489 5487 5486 5485 5484 5482 5481 5480 5478 5477 5475 5474 5472 5470 5469 5467 5465 5463 5461 5460 5457 5455 5453 5451 5448 5446 5441 5438 5435 5432 5429 5426 5423 5420 5417 5414 5410 5407 5404 5401 5397 5394 5390 5386 5383 5379 5375 5371 5367 5363 5359 5355 5350 5346
5532 5530 5527 5525 5523 5521 5519 5517 5515 5513 5512 5510 5509 5507 5506 5504 5503 5502 5501 5499 5498 5497 5496 5495 5494 5493 5492 5491 5490 5489 5488 5487 5486 5485 5484 5483 5482 5480 5479 5478 5477 5475 5474 5473 5471 5470 5468 5466 5464 5463 5461 5459 5457 5454 5452 5450 5445 5442 5439 5436 5433 5430 5427 5424 5421 5418 5414 5411 5408 5404 5401 5397 5393 5390 5386 5382 5378 5374 5370 5365 5361 5357 5352 5347
5529 5527 5525 5523 5520 5518 5516 5514 5512 5511 5509 5507 5506 5504 5503 5502 5501 5499 5498 5497 5496 5495 5495 5494 5493 5492 5491 5490 5489 5488 5488 5487 5486 5485 5484 5483 5482 5481 5480 5479 5478 5477 5476 5474 5473 5472 5470 5469 5467 5466 5464 5462 5460 5458 5456 5453 5448 5445 5443 5440 5437 5434 5431 5428 5424 5421 5418 5414 5411 5408 5404 5400 5397 5393 5389 5385 5381 5377 5372 5368 5363 5358 5354 5349
5527 5525 5522 5520 5518 5516 5513 5511 5510 5508 5506 5505 5503 5502 5500 5499 5498 5497 5496 5495 5494 5494 5493 5492 5492 5491 5490 5489 5489 5488 5487 5487 5486 5485 5484 5484 5483 5482 5481 5480 5479 5478 5477 5476 5475 5474 5473 5471 5470 5468 5467 5465 5463 5461 5459 5457 5451 5449 5446 5443 5440 5437 5434 5431 5428 5424 5421 5418 5414 5411 5407 5403 5400 5396 5392 5388 5383 5379 5374 5370 5365 5360 5355 5350
5524 5522 5519 5517 5515 5512 5510 5508 5507 5505 5503 5502 5500 5499 5498 5497 5496 5495 5494 5493 5493 5492 5492 5491 5490 5490 5489 5489 5488 5487 5487 5486 5486 5485 5485 5484 5483 5483 5482 5481 5480 5480 5479 5478 5477 5476 5475 5473 5472 5471 5469 5468 5466 5464 5462 5460 5454 5452 5449 5446 5443 5440 5437 5434 5431 5428 5424 5421 5417 5414 5410 5406 5402 5398 5394 5390 5386 5381 5377 5372 5367 5362 5357 5351
5521 5519 5516 5514 5512 5509 5507 5505 5503 5502 5500 5498 5497 5496 5495 5494 5493 5492 5491 5492 5491 5491 5490 5490 5489 5489 5488 5488 5488 5487 5486 5486 5486 5485 5485 5484 5484 5483 5483 5482 5481 5481 5480 5479 5478 5477 5476 5475 5474 5473 5472 5470 5468 5467 5465 5459 5457 5454 5452 5449 5446 5443 5440 5437 5434 5430 5427 5423 5420 5416 5413 5409 5405 5401 5397 5392 5388 5383 5378 5373 5368 5363 5358 5353
5518 5515 5513 5510 5508 5506 5504 5502 5500 5498 5497 5495 5494 5493 5492 5491 5490 5489 5489 5490 5489 5489 5489 5488 5488 5488 5488 5487 5487 5486 5486 5486 5485 5485 5485 5484 5484 5484 5483 5483 5482 5482 5481 5481 5480 5479 5478 5477 5476 5475 5474 5472 5471 5469 5467 5461 5459 5457 5454 5451 5448 5446 5442 5439 5436 5433 5429 5426 5422 5419 5415 5411 5407 5403 5399 5394 5390 5385 5380 5375 5370 5365 5359 5354
5514 5512 5509 5507 5504 5502 5500 5498 5496 5494 5493 5492 5490 5489 5488 5488 5487 5486 5488 5487 5487 5487 5487 5487 5487 5487 5487 5486 5486 5485 5485 5485 5485 5485 5485 5485 5484 5484 5484 5483 5483 5483 5482 5482 5481 5480 5479 5479 5478 5477 5475 5474 5473 5471 5465 5463 5461 5459 5456 5454 5451 5448 5445 5442 5438 5435 5432 5428 5424 5421 5417 5413 5409 5405 5400 5396 5391 5387 5382 5376 5371 5366 5360 5354
5510 5508 5505 5503 5501 5498 5496 5494 5492 5491 5489 5488 5487 5486 5485 5484 5484 5483 5485 5485 5485 5485 5485 5485 5485 5485 5485 5486 5484 5484 5484 5485 5485 5485 5485 5485 5485 5484 5484 5484 5484 5483 5483 5482 5482 5481 5481 5480 5479 5478 5477 5476 5474 5469 5467 5465 5463 5461 5458 5455 5453 5450 5447 5443 5440 5437 5434 5430 5426 5423 5419 5415 5411 5406 5402 5398 5393 5388 5383 5378 5372 5367 5361 5355
5507 5504 5501 5499 5497 5494 5492 5490 5488 5487 5485 5484 5483 5482 5481 5481 5480 5480 5480 5482 5482 5483 5483 5483 5484 5484 5484 5483 5483 5483 5484 5484 5484 5484 5484 5484 5484 5484 5484 5484 5484 5484 5484 5483 5483 5482 5482 5481 5480 5479 5475 5473 5472 5470 5469 5467 5465 5462 5460 5457 5454 5451 5448 5445 5442 5439 5435 5432 5428 5424 5420 5416 5412 5408 5404 5399 5394 5389 5384 5379 5373 5368 5362 5356
5502 5500 5497 5495 5492 5490 5488 5486 5484 5483 5481 5480 5479 5478 5478 5477 5477 5477 5477 5480 5480 5480 5481 5481 5482 5482 5481 5481 5482 5482 5483 5483 5483 5484 5484 5484 5484 5484 5484 5484 5484 5484 5484 5484 5483 5483 5482 5479 5478 5477 5476 5474 5473 5471 5470 5468 5466 5464 5461 5458 5456 5453 5450 5447 5443 5440 5437 5433 5430 5426 5422 5418 5414 5409 5405 5400 5395 5390 5385 5380 5374 5369 5363 5357
5498 5496 5493 5491 5488 5486 5484 5482 5480 5478 5477 5476 5475 5474 5474 5474 5474 5474 5474 5474 5477 5478 5479 5477 5477 5478 5479 5480 5480 5481 5482 5482 5483 5483 5484 5484 5484 5484 5484 5484 5484 5484 5484 5484 5484 5481 5480 5479 5478 5477 5476 5475 5474 5472 5471 5469 5467 5465 5462 5460 5457 5454 5451 5448 5445 5441 5438 5435 5431 5427 5423 5419 5415 5411 5406 5402 5397 5392 5386 5381 5375 5369 5363 5357
5494 5492 5489 5486 5484 5482 5480 5478 5476 5474 5473 5472 5471 5471 5470 5470 5470 5470 5471 5471 5472 5473 5474 5474 5475 5476 5477 5478 5479 5480 5481 5481 5482 5482 5483 5483 5484 5484 5484 5484 5484 5484 5484 5482 5481 5481 5480 5479 5479 5478 5477 5476 5475 5473 5472 5470 5468 5466 5463 5461 5458 5455 5452 5449 5446 5443 5439 5436 5432 5428 5424 5420 5416 5412 5407 5403 5398 5393 5387 5382 5376 5370 5364 5358
5490 5488 5485 5482 5480 5478 5475 5473 5472 5470 5469 5468 5467 5467 5467 5467 5467 5467 5468 5468 5469 5470 5471 5472 5473 5474 5475 5476 5477 5478 5479 5480 5481 5482 5482 5483 5483 5484 5484 5484 5484 5484 5482 5481 5481 5481 5480 5480 5479 5478 5477 5476 5475 5474 5472 5470 5468 5466 5464 5461 5459 5456 5453 5450 5447 5444 5440 5437 5433 5430 5426 5422 5417 5413 5408 5404 5399 5394 5388 5383 5377 5371 5365 5359
5486 5484 5481 5478 5476 5474 5471 5469 5468 5466 5465 5464 5464 5463 5463 5463 5463 5464 5465 5465 5466 5467 5469 5470 5471 5472 5473 5475 5476 5477 5478 5479 5480 5481 5481 5482 5482 5483 5483 5484 5484 5481 5481 5481 5481 5481 5480 5480 5479 5478 5477 5476 5475 5474 5473 5471 5469 5467 5465 5462 5459 5457 5454 5451 5448 5445 5441 5438 5434 5431 5427 5423 5419 5414 5410 5405 5400 5395 5389 5384 5378 5372 5366 5360
5483 5480 5478 5475 5472 5470 5468 5466 5464 5463 5462 5461 5460 5460 5460 5460 5460 5461 5462 5463 5464 5465 5466 5467 5469 5470 5472 5473 5474 5475 5477 5478 5479 5480 5480 5481 5482 5482 5483 5483 5481 5481 5481 5481 5481 5480 5480 5480 5479 5478 5478 5477 5476 5474 5473 5471 5469 5467 5465 5463 5460 5457 5455 5452 5449 5445 5442 5439 5435 5432 5428 5424 5420 5415 5411 5406 5401 5396 5390 5385 5379 5373 5367 5360
5480 5477 5474 5471 5469 5467 5464 5462 5461 5459 5458 5457 5457 5456 5456 5457 5457 5458 5459 5462 5464 5462 5464 5465 5467 5468 5470 5471 5473 5474 5475 5476 5477 5478 5479 5480 5481 5481 5482 5482 5480 5480 5480 5480 5480 5480 5480 5479 5479 5478 5477 5477 5476 5474 5473 5471 5470 5468 5465 5463 5461 5458 5455 5452 5449 5446 5443 5440 5436 5433 5429 5425 5421 5416 5412 5407 5402 5397 5392 5386 5380 5374 5368 5361
5477 5474 5471 5468 5465 5463 5461 5459 5458 5456 5455 5454 5454 5453 5453 5455 5456 5457 5458 5460 5461 5463 5464 5463 5464 5466 5468 5469 5471 5472 5474 5475 5476 5477 5478 5479 5480 5480 5481 5482 5479 5479 5480 5480 5480 5479 5479 5479 5478 5478 5477 5476 5476 5474 5473 5472 5470 5468 5466 5463 5461 5458 5456 5453 5450 5447 5444 5441 5437 5434 5430 5426 5422 5418 5413 5408 5403 5398 5393 5387 5381 5375 5369 5362
5474 5471 5468 5465 5462 5459 5457 5455 5454 5452 5452 5451 5451 5451 5451 5452 5453 5454 5456 5457 5459 5460 5462 5464 5462 5464 5466 5467 5469 5470 5472 5473 5474 5476 5477 5478 5478 5479 5480 5481 5478 5479 5479 5479 5479 5479 5479 5478 5478 5477 5477 5476 5475 5474 5473 5472 5470 5468 5466 5464 5461 5459 5456 5453 5451 5448 5445 5441 5438 5435 5431 5427 5423 5419 5414 5409 5405 5399 5394 5388 5382 5376 5370 5364
5472 5468 5465 5462 5459 5457 5454 5452 5451 5450 5449 5448 5448 5448 5449 5449 5450 5452 5453 5454 5456 5458 5460 5461 5463 5462 5464 5465 5467 5468 5470 5471 5473 5474 5475 5476 5477 5478 5479 5479 5477 5477 5478 5478 5478 5478 5478 5478 5477 5477 5476 5476 5475 5474 5473 5471 5470 5468 5466 5464 5462 5459 5457 5454 5451 5448 5445 5442 5439 5435 5432 5428 5424 5420 5415 5411 5406 5401 5395 5390 5384 5378 5371 5365
5470 5467 5463 5460 5457 5454 5452 5450 5448 5447 5446 5446 5445 5446 5446 5447 5448 5449 5450 5452 5454 5455 5457 5459 5461 5463 5461 5463 5465 5466 5468 5470 5471 5472 5473 5474 5475 5476 5477 5475 5476 5476 5476 5477 5477 5477 5477 5477 5476 5476 5476 5475 5474 5473 5472 5471 5470 5468 5466 5464 5462 5459 5457 5454 5452 5449 5446 5443 5440 5436 5433 5429 5425 5421 5417 5412 5407 5402 5397 5391 5385 5379 5373 5366
