input/I57/I57_050yr24ha.asc
ncols        301
nrows        195
xllcorner    -92.313182000000
yllcorner    35.829066000000
cellsize     0.008333000000
NODATA_value -9
[rows 114 to 151 of 195, columns 0 to 83 of 301]
-9 6853 6858 6863 6868 6874 6880 6885 6890 6895 6901 6907 6913 6920 6927 6935 6941 6949 6959 6968 6978 6988 6999 7010 7021 7033 7045 7057 7070 7082 7094 7107 7119 7131 7143 7154 7165 7175 7185 7194 7203 7211 7218 7225 7231 7237 7242 7247 7251 7255 7258 7261 7266 7268 7270 7272 7273 7273 7273 7273 7273 7272 7271 7269 7267 7265 7263 7260 7257 7254 7251 7247 7244 7240 7237 7233 7230 7227 7224 7221 7218 7216 7213 7211
-9 6866 6871 6877 6883 6888 6893 6899 6904 6909 6915 6921 6928 6935 6942 6950 6958 6964 6973 6983 6992 7003 7013 7024 7036 7047 7059 7071 7084 7096 7108 7120 7132 7144 7156 7167 7177 7187 7197 7206 7214 7222 7229 7236 7242 7247 7252 7257 7261 7265 7268 7271 7273 7278 7280 7281 7282 7282 7282 7282 7281 7280 7279 7278 7276 7273 7271 7268 7265 7262 7259 7256 7252 7248 7245 7242 7238 7235 7233 7230 7227 7225 7223 7221
-9 6879 6885 6890 6896 6901 6907 6912 6918 6923 6929 6935 6942 6949 6956 6964 6972 6978 6987 6997 7007 7017 7028 7038 7050 7061 7073 7085 7097 7110 7122 7134 7146 7157 7168 7179 7189 7199 7208 7217 7225 7233 7240 7246 7252 7258 7263 7267 7271 7274 7277 7280 7283 7288 7289 7291 7291 7292 7292 7291 7290 7289 7288 7286 7284 7282 7279 7277 7274 7271 7267 7264 7261 7257 7254 7250 7247 7244 7242 7239 7237 7234 7232 7231
-9 6891 6897 6903 6909 6915 6920 6926 6931 6937 6943 6949 6956 6963 6970 6978 6986 6992 7001 7011 7021 7031 7041 7052 7064 7075 7087 7099 7111 7123 7135 7147 7159 7170 7180 7191 7201 7211 7220 7228 7236 7244 7251 7257 7263 7268 7273 7277 7281 7284 7287 7290 7292 7294 7299 7300 7301 7301 7301 7300 7300 7298 7297 7295 7293 7291 7288 7285 7283 7279 7276 7273 7269 7266 7263 7259 7256 7254 7251 7249 7246 7244 7242 7240
-9 6904 6910 6916 6922 6927 6933 6939 6944 6950 6956 6962 6969 6976 6984 6991 7000 7006 7015 7024 7034 7044 7055 7066 7077 7088 7100 7112 7124 7136 7148 7160 7171 7181 7192 7203 7213 7222 7231 7239 7247 7255 7261 7267 7273 7278 7283 7287 7290 7294 7297 7299 7301 7303 7304 7310 7310 7311 7310 7310 7309 7308 7306 7304 7302 7300 7297 7294 7291 7288 7285 7282 7278 7275 7272 7269 7266 7263 7261 7258 7256 7254 7252 7250
-9 6916 6922 6928 6934 6940 6946 6952 6957 6963 6969 6976 6982 6989 6997 7005 7013 7019 7028 7038 7048 7058 7068 7079 7090 7102 7113 7125 7137 7149 7160 7172 7184 7193 7204 7214 7224 7233 7242 7250 7258 7265 7272 7278 7283 7288 7293 7297 7300 7303 7306 7308 7310 7312 7313 7314 7320 7320 7320 7319 7318 7317 7315 7313 7311 7309 7306 7303 7301 7297 7294 7291 7288 7284 7281 7278 7275 7273 7270 7268 7266 7264 7262 7260
-9 6928 6934 6941 6947 6953 6958 6964 6970 6976 6982 6988 6995 7002 7010 7018 7026 7032 7041 7051 7061 7071 7081 7092 7103 7114 7126 7138 7149 7161 7173 7184 7194 7205 7215 7225 7235 7244 7253 7261 7268 7275 7282 7288 7293 7298 7302 7306 7310 7313 7315 7318 7320 7321 7323 7323 7324 7330 7329 7329 7328 7326 7325 7323 7320 7318 7315 7313 7310 7307 7303 7300 7297 7294 7291 7288 7285 7282 7280 7278 7275 7274 7272 7270
-9 6940 6946 6953 6959 6965 6971 6977 6982 6988 6995 7001 7008 7015 7022 7030 7039 7047 7054 7063 7073 7083 7094 7105 7116 7127 7138 7150 7162 7173 7185 7196 7206 7216 7226 7236 7246 7255 7263 7271 7279 7285 7292 7298 7303 7308 7312 7316 7319 7322 7325 7327 7329 7330 7332 7332 7333 7333 7339 7338 7337 7336 7334 7332 7330 7327 7325 7322 7319 7316 7313 7309 7306 7303 7300 7297 7294 7292 7289 7287 7285 7283 7282 7280
-9 6952 6958 6965 6971 6977 6983 6989 6995 7001 7007 7013 7020 7027 7035 7043 7051 7057 7066 7076 7086 7096 7106 7117 7128 7139 7151 7162 7174 7185 7197 7206 7217 7227 7237 7247 7256 7265 7274 7281 7289 7295 7302 7307 7312 7317 7321 7325 7329 7331 7334 7336 7338 7339 7341 7341 7342 7342 7342 7348 7347 7345 7343 7341 7339 7337 7334 7331 7328 7325 7322 7319 7316 7312 7309 7306 7304 7301 7299 7297 7295 7293 7291 7290
-9 6963 6970 6977 6983 6989 6995 7001 7007 7013 7019 7025 7032 7039 7047 7055 7063 7070 7079 7088 7098 7108 7119 7129 7140 7151 7163 7174 7185 7197 7208 7217 7228 7238 7248 7258 7267 7275 7284 7291 7299 7305 7311 7317 7322 7327 7331 7334 7338 7341 7343 7345 7347 7348 7349 7350 7351 7351 7351 7350 7356 7355 7353 7351 7348 7346 7343 7341 7338 7334 7331 7328 7325 7322 7319 7316 7313 7311 7308 7306 7308 7306 7304 7299
-9 6975 6982 6988 6994 7001 7007 7012 7018 7025 7031 7037 7044 7051 7059 7067 7075 7081 7091 7100 7110 7120 7130 7141 7152 7163 7174 7186 7197 7208 7217 7228 7238 7249 7258 7268 7277 7285 7294 7301 7308 7315 7321 7326 7331 7336 7340 7344 7347 7350 7352 7354 7356 7357 7358 7359 7359 7360 7359 7359 7358 7357 7356 7360 7358 7355 7353 7350 7347 7344 7341 7337 7334 7331 7329 7326 7324 7322 7320 7318 7316 7314 7313 7311
-9 6986 6993 7000 7006 7012 7018 7024 7030 7036 7042 7049 7055 7063 7070 7078 7086 7095 7102 7112 7122 7132 7142 7153 7163 7174 7186 7197 7207 7217 7228 7239 7249 7259 7269 7278 7287 7295 7303 7311 7317 7324 7330 7335 7340 7345 7349 7352 7356 7358 7361 7363 7365 7366 7367 7368 7368 7368 7368 7368 7367 7366 7365 7363 7362 7360 7358 7355 7353 7350 7348 7345 7343 7340 7337 7335 7333 7330 7328 7326 7325 7323 7321 7319
-9 6998 7004 7011 7017 7023 7029 7035 7041 7047 7053 7060 7067 7074 7081 7089 7097 7106 7115 7124 7134 7143 7154 7164 7174 7185 7196 7206 7217 7228 7238 7249 7259 7269 7278 7287 7296 7305 7312 7320 7327 7333 7339 7344 7349 7354 7358 7361 7364 7367 7370 7372 7373 7375 7376 7377 7377 7377 7377 7377 7376 7375 7374 7372 7370 7368 7366 7364 7361 7359 7356 7354 7351 7348 7346 7343 7341 7339 7337 7335 7333 7331 7329 7328
-9 7009 7016 7022 7028 7034 7040 7046 7052 7058 7064 7071 7078 7085 7092 7100 7108 7117 7126 7135 7145 7154 7164 7174 7185 7195 7206 7216 7227 7238 7248 7258 7268 7278 7288 7297 7305 7314 7321 7329 7335 7342 7348 7353 7358 7362 7366 7370 7373 7376 7378 7380 7382 7383 7384 7385 7386 7386 7386 7385 7385 7384 7382 7381 7379 7377 7375 7372 7370 7367 7365 7362 7359 7357 7354 7352 7349 7347 7345 7343 7341 7339 7337 7336
-9 7020 7027 7033 7039 7045 7051 7057 7063 7069 7075 7082 7088 7095 7103 7110 7119 7127 7136 7145 7155 7164 7174 7184 7195 7205 7216 7226 7237 7247 7258 7268 7278 7287 7297 7306 7314 7322 7330 7337 7344 7350 7356 7361 7366 7371 7375 7378 7381 7384 7387 7389 7390 7392 7393 7394 7394 7394 7394 7394 7393 7392 7391 7389 7388 7386 7383 7381 7378 7376 7373 7370 7368 7365 7362 7360 7357 7355 7353 7351 7349 7347 7345 7343
-9 7031 7038 7044 7050 7056 7062 7068 7074 7080 7086 7092 7099 7106 7113 7121 7129 7137 7146 7155 7165 7174 7184 7194 7204 7215 7225 7236 7246 7256 7267 7277 7287 7296 7305 7314 7323 7331 7338 7345 7352 7358 7364 7369 7374 7379 7383 7386 7389 7392 7395 7397 7399 7400 7401 7402 7403 7403 7403 7402 7402 7401 7399 7398 7396 7394 7392 7389 7387 7384 7381 7379 7376 7373 7371 7368 7365 7363 7361 7359 7357 7355 7353 7351
-9 7043 7049 7055 7061 7067 7073 7078 7084 7090 7096 7102 7109 7116 7123 7131 7139 7147 7156 7165 7174 7184 7194 7204 7214 7224 7234 7244 7255 7265 7275 7285 7295 7304 7313 7322 7331 7339 7346 7353 7360 7366 7372 7377 7382 7386 7390 7394 7397 7400 7403 7405 7407 7408 7409 7410 7411 7411 7411 7411 7410 7409 7408 7406 7404 7402 7400 7398 7395 7392 7390 7387 7384 7381 7378 7376 7373 7371 7369 7366 7364 7362 7360 7358
-9 7054 7060 7066 7072 7078 7083 7089 7095 7100 7106 7112 7119 7126 7133 7141 7149 7157 7166 7175 7184 7193 7203 7213 7223 7233 7243 7253 7263 7273 7283 7293 7303 7312 7321 7330 7338 7346 7354 7361 7367 7373 7379 7385 7389 7394 7398 7402 7405 7408 7411 7413 7415 7416 7418 7418 7419 7419 7419 7419 7418 7417 7416 7414 7412 7410 7408 7406 7403 7400 7397 7395 7392 7389 7386 7384 7381 7379 7376 7374 7372 7370 7367 7365
-9 7065 7071 7077 7082 7088 7094 7099 7105 7110 7116 7122 7129 7136 7143 7150 7158 7167 7175 7184 7193 7202 7212 7221 7231 7241 7251 7261 7271 7281 7291 7301 7311 7320 7329 7337 7345 7353 7361 7368 7374 7381 7386 7392 7397 7401 7405 7409 7413 7416 7418 7421 7423 7424 7425 7426 7427 7427 7427 7427 7426 7425 7424 7422 7420 7418 7416 7413 7411 7408 7405 7402 7399 7397 7394 7391 7388 7386 7383 7381 7379 7377 7374 7372
-9 7076 7082 7087 7093 7098 7104 7109 7115 7120 7126 7132 7139 7145 7152 7160 7168 7176 7184 7193 7202 7211 7220 7230 7239 7249 7259 7269 7279 7289 7299 7308 7318 7327 7336 7344 7352 7360 7367 7374 7381 7387 7393 7399 7404 7408 7412 7416 7420 7423 7426 7428 7430 7432 7433 7434 7435 7435 7435 7435 7434 7433 7432 7430 7428 7426 7424 7421 7418 7416 7413 7410 7407 7404 7401 7398 7396 7393 7391 7388 7386 7383 7381 7379
-9 7089 7092 7098 7103 7109 7114 7119 7125 7130 7136 7142 7148 7155 7162 7169 7177 7185 7193 7202 7211 7220 7229 7238 7248 7257 7267 7277 7287 7296 7306 7315 7325 7334 7342 7351 7359 7366 7374 7381 7387 7394 7399 7405 7410 7415 7419 7423 7427 7430 7433 7435 7438 7439 7441 7442 7442 7443 7443 7442 7442 7440 7439 7437 7435 7433 7431 7428 7426 7423 7420 7417 7414 7411 7408 7405 7403 7400 7397 7395 7392 7390 7388 7385
-9 7100 7105 7111 7114 7119 7124 7129 7135 7140 7146 7152 7158 7164 7171 7179 7186 7194 7202 7211 7219 7228 7237 7246 7256 7265 7275 7284 7294 7304 7313 7322 7331 7340 7349 7357 7365 7372 7380 7387 7393 7400 7406 7411 7416 7421 7426 7430 7434 7437 7440 7442 7445 7446 7448 7449 7450 7450 7450 7449 7449 7448 7446 7445 7443 7440 7438 7435 7432 7430 7427 7424 7421 7418 7415 7412 7409 7406 7404 7401 7399 7396 7394 7392
-9 7111 7116 7121 7126 7131 7134 7140 7145 7150 7156 7161 7167 7174 7181 7188 7195 7203 7211 7219 7228 7236 7245 7254 7263 7273 7282 7292 7301 7311 7320 7329 7338 7346 7355 7363 7371 7378 7385 7392 7399 7405 7411 7417 7422 7427 7432 7436 7440 7443 7447 7449 7451 7453 7455 7456 7456 7457 7457 7456 7456 7455 7453 7451 7449 7447 7445 7442 7439 7436 7433 7430 7427 7424 7421 7418 7415 7413 7410 7407 7405 7402 7400 7397
-9 7122 7127 7132 7136 7141 7146 7151 7155 7160 7166 7171 7177 7184 7190 7197 7205 7212 7220 7229 7237 7246 7254 7262 7271 7280 7290 7299 7308 7317 7326 7335 7344 7352 7361 7369 7376 7384 7391 7398 7404 7411 7417 7422 7428 7433 7438 7442 7446 7450 7453 7456 7458 7460 7461 7462 7463 7463 7463 7463 7462 7461 7460 7458 7456 7453 7451 7448 7445 7442 7439 7436 7433 7430 7427 7424 7421 7419 7416 7413 7411 7408 7405 7403
-9 7133 7138 7142 7147 7151 7156 7160 7165 7170 7175 7181 7186 7193 7199 7206 7213 7221 7229 7237 7245 7254 7263 7272 7279 7288 7297 7306 7315 7324 7333 7342 7350 7358 7366 7374 7382 7389 7396 7403 7410 7416 7422 7428 7433 7438 7443 7448 7452 7455 7459 7462 7464 7466 7467 7469 7469 7470 7469 7469 7468 7467 7466 7464 7462 7459 7457 7454 7451 7448 7445 7442 7439 7436 7433 7430 7427 7424 7421 7419 7416 7413 7411 7408
-9 7144 7149 7153 7157 7162 7166 7171 7175 7180 7185 7190 7196 7202 7208 7215 7222 7230 7237 7245 7254 7262 7270 7279 7288 7296 7305 7313 7322 7331 7340 7348 7356 7364 7372 7380 7387 7394 7401 7408 7415 7421 7427 7433 7438 7443 7448 7453 7457 7461 7464 7467 7470 7472 7473 7474 7475 7475 7475 7475 7474 7473 7471 7469 7467 7465 7462 7459 7457 7454 7451 7448 7445 7442 7438 7435 7432 7430 7427 7424 7421 7419 7416 7413
-9 7156 7160 7164 7168 7173 7177 7181 7185 7190 7195 7200 7206 7212 7218 7225 7232 7239 7246 7254 7262 7270 7278 7287 7296 7305 7312 7321 7330 7338 7346 7355 7363 7371 7378 7386 7393 7400 7407 7413 7420 7426 7432 7438 7443 7448 7453 7458 7462 7466 7469 7472 7475 7477 7478 7480 7480 7481 7480 7480 7479 7478 7476 7474 7472 7470 7467 7465 7462 7459 7456 7453 7450 7447 7444 7440 7437 7435 7432 7429 7426 7423 7421 7418
-9 7168 7172 7176 7180 7184 7188 7192 7196 7201 7205 7210 7216 7222 7228 7234 7241 7248 7255 7263 7271 7279 7287 7295 7303 7312 7321 7330 7337 7345 7353 7361 7369 7377 7384 7391 7398 7405 7412 7418 7425 7431 7437 7442 7448 7453 7458 7463 7467 7471 7474 7477 7480 7482 7483 7484 7485 7485 7485 7485 7484 7483 7481 7479 7477 7474 7472 7469 7466 7463 7460 7457 7454 7451 7448 7445 7442 7439 7436 7433 7431 7428 7425 7423
-9 7180 7184 7188 7191 7195 7199 7203 7207 7212 7216 7221 7226 7232 7238 7244 7251 7258 7265 7272 7280 7287 7295 7303 7311 7320 7328 7337 7346 7354 7361 7368 7376 7383 7390 7397 7404 7411 7417 7423 7430 7435 7441 7447 7452 7457 7462 7467 7471 7475 7479 7482 7484 7486 7488 7489 7490 7490 7490 7489 7488 7487 7485 7483 7481 7479 7476 7473 7470 7468 7465 7462 7459 7456 7453 7449 7446 7444 7441 7438 7435 7432 7429 7427
-9 7193 7196 7200 7204 7207 7211 7215 7219 7223 7228 7232 7238 7243 7249 7255 7261 7268 7275 7282 7289 7297 7304 7312 7320 7328 7336 7344 7353 7361 7369 7376 7383 7390 7397 7403 7410 7416 7423 7429 7434 7440 7446 7451 7457 7462 7467 7471 7475 7479 7483 7486 7488 7490 7492 7493 7494 7494 7494 7493 7492 7491 7489 7487 7485 7482 7480 7477 7474 7471 7469 7466 7463 7460 7457 7453 7450 7448 7445 7442 7439 7436 7433 7431
-9 7206 7209 7213 7216 7220 7223 7227 7231 7235 7239 7244 7249 7254 7260 7266 7272 7279 7285 7292 7299 7306 7313 7321 7328 7336 7344 7352 7360 7368 7376 7384 7390 7397 7403 7410 7416 7422 7428 7434 7440 7445 7451 7456 7461 7466 7471 7475 7479 7483 7487 7489 7492 7494 7495 7497 7497 7497 7497 7496 7495 7494 7492 7490 7488 7486 7483 7480 7478 7475 7472 7469 7466 7463 7460 7457 7454 7451 7448 7445 7443 7440 7437 7434
-9 7219 7223 7226 7229 7233 7236 7240 7243 7247 7252 7256 7261 7266 7272 7278 7284 7290 7296 7303 7309 7316 7323 7330 7337 7345 7352 7360 7368 7376 7383 7391 7398 7404 7410 7416 7422 7428 7434 7439 7445 7450 7455 7460 7465 7470 7475 7479 7483 7487 7490 7493 7495 7497 7499 7500 7500 7500 7500 7499 7498 7497 7495 7493 7491 7489 7486 7483 7480 7478 7475 7472 7469 7466 7463 7460 7457 7454 7451 7449 7446 7443 7440 7437
-9 7233 7237 7240 7243 7246 7249 7253 7256 7260 7264 7269 7274 7279 7284 7290 7296 7301 7308 7314 7320 7327 7333 7340 7347 7354 7361 7369 7376 7383 7391 7398 7405 7412 7417 7423 7429 7434 7440 7445 7450 7455 7460 7465 7469 7474 7478 7483 7487 7490 7493 7496 7498 7500 7502 7503 7503 7503 7503 7502 7501 7499 7498 7496 7493 7491 7488 7486 7483 7480 7477 7475 7472 7469 7466 7463 7460 7457 7454 7451 7449 7446 7443 7440
-9 7247 7249 7252 7254 7257 7260 7262 7265 7269 7272 7276 7287 7291 7297 7302 7308 7314 7319 7325 7331 7338 7344 7350 7357 7363 7370 7377 7384 7391 7398 7405 7412 7418 7424 7430 7435 7440 7445 7450 7455 7460 7465 7469 7474 7478 7482 7486 7490 7493 7496 7499 7501 7503 7504 7505 7505 7505 7505 7504 7503 7501 7500 7497 7495 7493 7490 7487 7485 7482 7479 7477 7474 7471 7468 7465 7462 7460 7457 7454 7451 7448 7445 7443
-9 7261 7263 7266 7268 7271 7273 7276 7279 7282 7286 7289 7293 7298 7303 7308 7313 7318 7332 7337 7343 7349 7355 7361 7367 7373 7380 7387 7393 7400 7406 7413 7419 7425 7431 7437 7442 7447 7451 7456 7460 7465 7469 7473 7478 7482 7486 7489 7493 7496 7499 7502 7504 7505 7506 7507 7507 7507 7507 7506 7505 7503 7501 7499 7497 7494 7491 7489 7486 7484 7481 7478 7475 7473 7470 7467 7464 7461 7458 7456 7453 7450 7447 7444
-9 7275 7278 7280 7282 7285 7287 7290 7293 7296 7299 7303 7307 7311 7316 7321 7326 7331 7336 7350 7355 7361 7366 7372 7378 7384 7390 7396 7402 7408 7415 7421 7426 7432 7438 7444 7449 7453 7457 7462 7466 7470 7474 7478 7482 7485 7489 7493 7496 7499 7502 7504 7506 7507 7508 7509 7509 7509 7508 7507 7506 7504 7502 7500 7497 7495 7492 7490 7487 7484 7482 7479 7477 7474 7471 7468 7465 7463 7460 7457 7454 7451 7449 7446
-9 7290 7292 7294 7297 7299 7301 7304 7307 7310 7313 7317 7320 7325 7329 7334 7339 7344 7349 7354 7367 7373 7378 7383 7389 7394 7400 7406 7412 7417 7423 7429 7434 7439 7444 7451 7455 7460 7463 7467 7471 7475 7478 7482 7486 7489 7492 7496 7499 7502 7504 7506 7508 7509 7510 7510 7510 7510 7509 7508 7506 7505 7503 7500 7498 7495 7493 7490 7487 7485 7482 7480 7477 7474 7472 7469 7466 7463 7461 7458 7455 7452 7449 7447
-9 7305 7307 7309 7311 7314 7316 7318 7321 7324 7327 7331 7335 7339 7343 7348 7352 7357 7362 7367 7380 7385 7390 7395 7400 7405 7410 7416 7421 7427 7432 7437 7442 7447 7452 7459 7462 7466 7470 7473 7477 7480 7483 7486 7490 7493 7496 7499 7502 7504 7506 7508 7510 7511 7511 7512 7511 7511 7510 7509 7507 7505 7503 7500 7498 7495 7493 7490 7487 7485 7482 7480 7477 7474 7472 7469 7466 7463 7461 7458 7455 7452 7450 7447
