input/I57/I57_200yr24ha.asc
ncols        301
nrows        195
xllcorner    -92.313182000000
yllcorner    35.829066000000
cellsize     0.008333000000
NODATA_value -9
[rows 114 to 151 of 195, columns 168 to 251 of 301]
9361 9369 9378 9386 9395 9404 9413 9422 9431 9440 9449 9458 9467 9476 9485 9494 9502 9511 9519 9528 9529 9537 9544 9551 9558 9565 9572 9578 9584 9590 9595 9601 9606 9611 9616 9620 9625 9629 9633 9636 9640 9643 9646 9649 9652 9654 9657 9659 9661 9662 9664 9666 9667 9668 9670 9671 9672 9674 9675 9677 9678 9680 9682 9684 9687 9689 9692 9695 9697 9700 9703 9706 9708 9711 9713 9715 9717 9718 9719 9721 9721 9722 9722 9723
9347 9355 9364 9372 9381 9390 9398 9407 9416 9425 9434 9443 9452 9461 9470 9479 9488 9497 9505 9507 9515 9523 9530 9538 9545 9552 9558 9565 9571 9577 9582 9588 9593 9598 9603 9608 9612 9617 9621 9625 9628 9632 9635 9638 9641 9644 9646 9648 9651 9653 9654 9656 9658 9659 9661 9662 9664 9666 9667 9669 9671 9673 9675 9678 9680 9683 9686 9689 9692 9695 9698 9701 9704 9706 9709 9711 9713 9715 9716 9718 9719 9720 9720 9720
9333 9341 9349 9358 9366 9375 9383 9392 9401 9410 9419 9428 9437 9446 9455 9464 9473 9482 9490 9493 9501 9508 9516 9523 9531 9537 9544 9551 9557 9563 9569 9575 9580 9585 9590 9595 9600 9604 9608 9612 9616 9620 9623 9627 9630 9632 9635 9638 9640 9642 9644 9646 9648 9650 9652 9653 9655 9657 9659 9661 9663 9665 9668 9670 9673 9676 9679 9683 9686 9689 9693 9696 9699 9702 9705 9707 9709 9711 9713 9715 9716 9717 9718 9718
9318 9326 9334 9342 9351 9359 9368 9377 9386 9395 9404 9413 9422 9431 9440 9449 9458 9467 9469 9478 9486 9493 9501 9509 9516 9523 9530 9536 9543 9549 9555 9561 9566 9572 9577 9582 9587 9591 9596 9600 9604 9608 9611 9615 9618 9621 9624 9626 9629 9631 9634 9636 9638 9640 9642 9644 9646 9648 9650 9652 9655 9657 9660 9663 9666 9669 9673 9676 9680 9684 9687 9691 9694 9697 9700 9703 9706 9708 9710 9712 9713 9715 9716 9716
9303 9311 9319 9327 9335 9344 9352 9361 9370 9379 9388 9397 9406 9415 9424 9433 9442 9445 9454 9462 9470 9478 9486 9493 9501 9508 9515 9521 9528 9534 9540 9546 9552 9557 9563 9568 9573 9578 9582 9587 9591 9595 9598 9602 9606 9609 9612 9615 9618 9620 9623 9625 9627 9630 9632 9634 9636 9639 9641 9644 9646 9649 9652 9655 9659 9662 9666 9670 9674 9678 9681 9685 9689 9692 9696 9699 9702 9704 9707 9709 9710 9712 9713 9714
9287 9295 9303 9311 9319 9328 9336 9345 9353 9362 9371 9380 9389 9398 9408 9417 9421 9429 9438 9446 9454 9462 9470 9478 9485 9492 9499 9506 9513 9519 9525 9531 9537 9543 9548 9554 9559 9564 9568 9573 9577 9581 9585 9589 9593 9596 9599 9603 9606 9608 9611 9614 9616 9619 9621 9624 9626 9629 9632 9635 9638 9641 9644 9647 9651 9655 9659 9663 9667 9671 9676 9680 9684 9688 9691 9695 9698 9701 9703 9705 9707 9709 9711 9712
9272 9279 9287 9295 9303 9311 9320 9328 9337 9346 9354 9363 9373 9382 9391 9395 9404 9413 9421 9430 9438 9446 9454 9461 9469 9476 9483 9490 9497 9504 9510 9516 9522 9528 9533 9539 9544 9549 9554 9559 9563 9568 9572 9576 9580 9583 9587 9590 9593 9596 9599 9602 9605 9608 9610 9613 9616 9619 9622 9625 9628 9632 9635 9639 9643 9647 9652 9656 9660 9665 9670 9674 9678 9682 9686 9690 9693 9697 9699 9702 9704 9706 9708 9709
9256 9263 9271 9279 9287 9295 9303 9311 9320 9329 9337 9346 9355 9361 9370 9378 9387 9396 9404 9413 9421 9429 9437 9445 9452 9460 9467 9474 9481 9488 9494 9500 9506 9512 9518 9523 9529 9534 9539 9544 9549 9553 9558 9562 9566 9570 9573 9577 9580 9584 9587 9590 9593 9596 9599 9602 9605 9609 9612 9615 9619 9623 9627 9631 9635 9639 9644 9649 9654 9658 9663 9668 9673 9677 9681 9685 9689 9692 9696 9698 9701 9703 9705 9707
9240 9247 9254 9262 9270 9278 9286 9294 9303 9311 9320 9329 9335 9344 9352 9361 9370 9379 9387 9396 9404 9412 9420 9428 9436 9443 9450 9457 9464 9471 9478 9484 9490 9496 9502 9508 9513 9519 9524 9529 9534 9538 9543 9547 9552 9556 9560 9563 9567 9571 9574 9578 9581 9584 9588 9591 9594 9598 9601 9605 9609 9613 9617 9622 9626 9631 9636 9641 9646 9651 9657 9662 9667 9671 9676 9680 9684 9688 9692 9695 9698 9700 9702 9704
9224 9231 9238 9245 9253 9261 9269 9277 9285 9294 9300 9309 9318 9326 9335 9344 9353 9361 9370 9378 9387 9395 9403 9411 9418 9426 9433 9440 9447 9454 9461 9467 9474 9480 9486 9492 9497 9503 9508 9513 9518 9523 9528 9533 9537 9541 9545 9549 9553 9557 9561 9565 9568 9572 9575 9579 9583 9587 9591 9595 9599 9603 9608 9613 9618 9623 9628 9633 9639 9644 9650 9655 9660 9666 9670 9675 9679 9684 9687 9691 9694 9697 9699 9701
9207 9214 9221 9229 9236 9244 9252 9260 9268 9275 9283 9292 9300 9309 9317 9326 9335 9344 9352 9361 9369 9377 9385 9393 9401 9408 9416 9423 9430 9437 9444 9450 9457 9463 9469 9475 9481 9486 9492 9497 9502 9508 9512 9517 9522 9526 9531 9535 9539 9543 9547 9551 9555 9559 9563 9567 9571 9575 9580 9584 9589 9593 9598 9603 9609 9614 9620 9625 9631 9637 9643 9648 9654 9659 9665 9670 9674 9679 9683 9686 9690 9693 9695 9698
9191 9198 9205 9212 9219 9227 9234 9242 9250 9258 9266 9274 9282 9291 9300 9308 9317 9326 9334 9343 9351 9359 9367 9375 9383 9390 9398 9405 9412 9419 9426 9433 9439 9446 9452 9458 9464 9470 9475 9481 9486 9491 9497 9502 9506 9511 9516 9520 9525 9529 9533 9538 9542 9546 9550 9555 9559 9563 9568 9573 9578 9583 9588 9594 9599 9605 9611 9617 9623 9629 9635 9641 9647 9653 9659 9664 9669 9673 9678 9682 9685 9689 9692 9694
9175 9181 9188 9195 9202 9209 9217 9225 9232 9240 9248 9256 9265 9273 9282 9290 9299 9307 9316 9324 9333 9341 9349 9357 9365 9372 9380 9387 9394 9401 9408 9415 9422 9428 9434 9441 9447 9453 9458 9464 9470 9475 9480 9485 9491 9495 9500 9505 9510 9514 9519 9523 9528 9532 9537 9542 9546 9551 9556 9561 9567 9572 9578 9584 9589 9596 9602 9608 9615 9621 9628 9634 9640 9646 9652 9658 9663 9668 9672 9677 9681 9684 9687 9690
9159 9165 9171 9178 9185 9193 9200 9207 9215 9223 9230 9238 9247 9255 9263 9272 9280 9289 9297 9306 9314 9322 9330 9338 9346 9354 9361 9369 9376 9383 9390 9397 9403 9410 9416 9423 9429 9435 9441 9447 9453 9458 9464 9469 9474 9479 9484 9489 9494 9499 9504 9509 9514 9519 9523 9528 9533 9539 9544 9550 9555 9561 9567 9573 9579 9586 9592 9599 9606 9613 9619 9626 9633 9639 9645 9651 9657 9662 9667 9671 9675 9679 9682 9685
9143 9149 9155 9161 9170 9176 9183 9190 9197 9205 9213 9221 9229 9237 9245 9254 9262 9270 9279 9287 9295 9304 9312 9320 9327 9335 9343 9350 9357 9364 9371 9378 9385 9392 9398 9405 9411 9417 9423 9429 9435 9441 9446 9452 9458 9463 9468 9473 9479 9484 9489 9494 9499 9504 9509 9515 9520 9526 9531 9537 9543 9549 9556 9562 9569 9576 9582 9590 9597 9604 9611 9618 9625 9631 9638 9644 9650 9655 9660 9665 9670 9674 9677 9680
9127 9132 9138 9147 9153 9159 9166 9173 9180 9187 9195 9203 9210 9219 9227 9235 9243 9252 9260 9268 9277 9285 9293 9301 9308 9316 9324 9331 9338 9345 9353 9359 9366 9373 9380 9386 9393 9399 9405 9411 9417 9423 9429 9435 9440 9446 9452 9457 9462 9468 9473 9479 9484 9489 9495 9501 9506 9512 9518 9525 9531 9537 9544 9551 9558 9565 9572 9580 9587 9594 9602 9609 9616 9623 9630 9636 9642 9648 9654 9659 9663 9667 9671 9675
9111 9116 9125 9130 9136 9143 9149 9156 9163 9170 9177 9185 9192 9200 9208 9217 9225 9233 9241 9249 9258 9266 9274 9281 9289 9297 9304 9312 9319 9326 9333 9340 9347 9354 9361 9367 9374 9380 9387 9393 9399 9405 9411 9417 9423 9429 9435 9440 9446 9452 9457 9463 9469 9474 9480 9486 9492 9498 9505 9511 9518 9525 9532 9539 9546 9554 9561 9569 9577 9584 9592 9600 9607 9614 9621 9628 9634 9640 9646 9651 9656 9661 9665 9668
9095 9103 9109 9114 9120 9126 9132 9139 9145 9152 9159 9167 9174 9182 9190 9198 9206 9214 9222 9230 9239 9247 9254 9262 9270 9278 9285 9292 9300 9307 9314 9321 9328 9335 9342 9348 9355 9361 9368 9374 9381 9387 9393 9399 9405 9411 9417 9423 9429 9435 9441 9447 9453 9459 9465 9471 9478 9484 9491 9498 9505 9512 9519 9527 9534 9542 9550 9558 9566 9574 9582 9590 9598 9605 9612 9619 9626 9632 9638 9644 9649 9653 9658 9661
9083 9087 9093 9098 9103 9109 9115 9121 9128 9134 9141 9149 9156 9164 9171 9179 9187 9195 9203 9211 9219 9227 9235 9243 9250 9258 9266 9273 9280 9287 9295 9302 9309 9315 9322 9329 9336 9342 9349 9355 9362 9368 9374 9381 9387 9393 9399 9405 9412 9418 9424 9430 9436 9443 9449 9456 9462 9469 9476 9484 9491 9498 9506 9514 9522 9530 9538 9546 9555 9563 9571 9579 9587 9595 9603 9610 9617 9623 9629 9635 9640 9645 9650 9654
9067 9072 9077 9082 9087 9092 9098 9104 9110 9117 9124 9131 9138 9145 9153 9161 9169 9176 9184 9192 9200 9208 9216 9223 9231 9238 9246 9253 9261 9268 9275 9282 9289 9296 9303 9310 9316 9323 9330 9336 9343 9349 9356 9362 9368 9375 9381 9388 9394 9400 9407 9413 9420 9426 9433 9440 9447 9454 9461 9469 9477 9484 9492 9501 9509 9517 9526 9534 9543 9551 9560 9568 9576 9584 9592 9600 9607 9614 9620 9626 9631 9636 9641 9645
9052 9056 9061 9065 9070 9076 9081 9087 9093 9099 9106 9113 9120 9127 9134 9142 9150 9157 9165 9173 9181 9188 9196 9204 9211 9219 9226 9233 9241 9248 9255 9262 9269 9276 9283 9290 9297 9303 9310 9317 9323 9330 9336 9343 9350 9356 9363 9369 9376 9382 9389 9396 9402 9409 9416 9424 9431 9438 9446 9454 9462 9470 9478 9486 9495 9504 9512 9521 9530 9539 9548 9556 9565 9573 9581 9589 9596 9603 9610 9616 9622 9627 9632 9636
9036 9040 9045 9049 9054 9059 9064 9070 9076 9082 9088 9095 9102 9109 9116 9123 9131 9139 9146 9154 9161 9169 9177 9184 9192 9199 9206 9214 9221 9228 9235 9242 9249 9256 9263 9270 9277 9283 9290 9297 9304 9310 9317 9324 9330 9337 9344 9350 9357 9364 9371 9378 9385 9392 9399 9407 9414 9422 9430 9438 9446 9455 9463 9472 9481 9490 9499 9508 9517 9526 9535 9544 9552 9561 9569 9577 9585 9592 9599 9605 9611 9616 9621 9626
9021 9025 9029 9033 9038 9043 9048 9053 9059 9065 9071 9077 9084 9091 9098 9105 9112 9120 9127 9135 9142 9149 9157 9164 9172 9179 9186 9193 9201 9208 9215 9222 9229 9236 9243 9249 9256 9263 9270 9277 9284 9290 9297 9304 9311 9318 9324 9331 9338 9345 9352 9360 9367 9374 9382 9389 9397 9405 9413 9421 9430 9439 9447 9456 9465 9475 9484 9493 9503 9512 9521 9530 9539 9548 9556 9564 9572 9580 9587 9593 9599 9605 9610 9615
9006 9009 9013 9017 9022 9026 9031 9036 9042 9047 9053 9059 9066 9072 9079 9086 9093 9101 9108 9115 9123 9130 9137 9145 9152 9159 9166 9173 9180 9187 9194 9201 9208 9215 9222 9229 9236 9243 9250 9256 9263 9270 9277 9284 9291 9298 9305 9312 9319 9326 9333 9341 9348 9356 9363 9371 9379 9388 9396 9405 9413 9422 9431 9440 9450 9459 9469 9478 9488 9497 9507 9516 9525 9534 9543 9551 9559 9567 9574 9581 9587 9593 9598 9603
8991 8994 8998 9001 9006 9010 9014 9019 9024 9030 9036 9042 9048 9054 9061 9068 9075 9082 9089 9096 9103 9110 9117 9125 9132 9139 9146 9153 9160 9167 9174 9181 9188 9195 9201 9208 9215 9222 9229 9236 9243 9250 9257 9264 9271 9278 9285 9292 9299 9307 9314 9322 9329 9337 9345 9353 9361 9370 9378 9387 9396 9405 9414 9424 9433 9443 9452 9462 9472 9482 9491 9501 9510 9519 9528 9537 9545 9553 9560 9567 9574 9580 9585 9590
8976 8979 8982 8986 8990 8994 8998 9003 9008 9013 9018 9024 9030 9036 9043 9049 9056 9063 9070 9077 9084 9091 9098 9105 9112 9119 9126 9133 9139 9146 9153 9160 9167 9174 9181 9187 9194 9201 9208 9215 9222 9229 9236 9243 9250 9257 9265 9272 9279 9287 9294 9302 9310 9318 9326 9334 9342 9351 9360 9369 9378 9387 9397 9406 9416 9426 9436 9446 9456 9465 9475 9485 9495 9504 9513 9522 9530 9538 9546 9553 9559 9566 9571 9577
8961 8964 8967 8970 8974 8977 8982 8986 8991 8996 9001 9006 9012 9018 9024 9031 9037 9044 9051 9057 9064 9071 9078 9085 9092 9098 9105 9112 9119 9126 9132 9139 9146 9153 9160 9166 9173 9180 9187 9194 9201 9208 9215 9222 9229 9237 9244 9251 9259 9266 9274 9282 9290 9298 9306 9315 9323 9332 9341 9350 9359 9369 9378 9388 9398 9408 9418 9428 9438 9448 9458 9468 9478 9487 9497 9506 9514 9522 9530 9537 9544 9551 9557 9562
8946 8949 8951 8955 8958 8961 8965 8969 8974 8979 8983 8989 8994 9000 9006 9012 9019 9025 9031 9038 9045 9051 9058 9065 9071 9078 9085 9092 9098 9105 9112 9118 9125 9132 9138 9145 9152 9159 9166 9173 9180 9187 9194 9201 9208 9216 9223 9230 9238 9246 9254 9262 9270 9278 9286 9295 9304 9312 9321 9331 9340 9350 9360 9369 9379 9389 9400 9410 9420 9431 9441 9451 9461 9470 9480 9489 9498 9506 9514 9521 9528 9535 9541 9547
8932 8934 8936 8939 8942 8946 8949 8953 8957 8962 8966 8971 8977 8982 8988 8994 9000 9006 9012 9019 9025 9032 9038 9045 9051 9058 9064 9071 9077 9084 9091 9097 9104 9110 9117 9124 9131 9137 9144 9151 9158 9165 9172 9180 9187 9194 9202 9209 9217 9225 9233 9241 9249 9257 9266 9275 9283 9292 9302 9311 9321 9330 9340 9350 9360 9370 9381 9391 9402 9412 9422 9433 9443 9453 9462 9471 9480 9489 9497 9505 9512 9519 9525 9530
8917 8919 8921 8924 8927 8930 8933 8937 8941 8945 8949 8954 8959 8964 8970 8975 8981 8987 8993 9000 9006 9012 9018 9025 9031 9037 9044 9050 9057 9063 9069 9076 9082 9089 9096 9102 9109 9116 9123 9130 9137 9144 9151 9158 9165 9173 9180 9188 9196 9204 9212 9220 9228 9237 9245 9254 9263 9272 9281 9291 9301 9310 9320 9330 9341 9351 9361 9372 9382 9393 9403 9414 9424 9434 9444 9453 9462 9471 9479 9487 9495 9501 9508 9514
8903 8905 8907 8909 8911 8914 8917 8920 8924 8928 8932 8937 8941 8946 8952 8957 8963 8968 8974 8980 8986 8992 8998 9005 9011 9017 9023 9029 9036 9042 9048 9055 9061 9068 9074 9081 9087 9094 9101 9108 9115 9122 9129 9136 9144 9151 9159 9166 9174 9182 9190 9198 9207 9215 9224 9233 9242 9251 9261 9270 9280 9290 9300 9310 9320 9331 9341 9352 9363 9373 9384 9395 9405 9415 9425 9435 9444 9453 9461 9469 9477 9484 9490 9496
8889 8890 8892 8894 8896 8899 8901 8904 8908 8911 8915 8919 8924 8929 8934 8939 8944 8950 8955 8961 8967 8973 8978 8984 8990 8996 9002 9008 9015 9021 9027 9033 9039 9046 9052 9059 9065 9072 9079 9086 9093 9100 9107 9114 9122 9129 9137 9144 9152 9160 9169 9177 9185 9194 9203 9212 9221 9230 9240 9249 9259 9269 9279 9290 9300 9311 9321 9332 9343 9353 9364 9375 9385 9396 9406 9416 9425 9434 9443 9451 9458 9466 9472 9478
8875 8876 8878 8879 8881 8883 8886 8889 8892 8895 8898 8902 8907 8911 8916 8921 8926 8931 8936 8942 8947 8953 8959 8964 8970 8976 8982 8988 8993 8999 9006 9012 9018 9024 9031 9037 9044 9050 9057 9064 9071 9078 9085 9092 9099 9107 9115 9122 9130 9138 9147 9155 9164 9172 9181 9190 9200 9209 9219 9228 9238 9248 9258 9269 9279 9290 9301 9311 9322 9333 9344 9355 9365 9376 9386 9396 9406 9415 9424 9432 9440 9447 9454 9460
8861 8862 8863 8865 8866 8868 8870 8873 8876 8879 8882 8885 8889 8894 8898 8903 8907 8912 8918 8923 8928 8933 8939 8944 8950 8955 8961 8967 8972 8978 8984 8990 8996 9002 9009 9015 9021 9028 9035 9041 9048 9055 9063 9070 9077 9085 9092 9100 9108 9116 9125 9133 9142 9151 9160 9169 9178 9187 9197 9207 9217 9227 9237 9248 9258 9269 9280 9291 9302 9312 9323 9334 9345 9356 9366 9376 9386 9395 9404 9413 9421 9428 9435 9441
8848 8849 8849 8850 8852 8853 8855 8857 8860 8862 8865 8869 8872 8876 8880 8885 8889 8894 8899 8904 8909 8914 8919 8924 8929 8935 8940 8946 8951 8957 8963 8969 8975 8981 8987 8993 8999 9006 9013 9019 9026 9033 9040 9048 9055 9062 9070 9078 9086 9094 9103 9111 9120 9129 9138 9147 9156 9166 9176 9186 9196 9206 9216 9227 9237 9248 9259 9270 9281 9292 9303 9314 9325 9336 9346 9356 9366 9376 9385 9393 9401 9409 9416 9422
8835 8835 8836 8836 8837 8839 8840 8842 8844 8846 8849 8852 8855 8859 8863 8867 8871 8875 8880 8885 8889 8894 8899 8904 8909 8914 8919 8925 8930 8936 8941 8947 8953 8959 8965 8971 8977 8984 8990 8997 9004 9011 9018 9025 9033 9040 9048 9056 9064 9072 9080 9089 9098 9107 9116 9125 9135 9144 9154 9164 9174 9185 9195 9205 9216 9227 9238 9249 9260 9271 9282 9293 9304 9315 9326 9336 9346 9356 9365 9374 9382 9389 9396 9403
8822 8822 8822 8822 8823 8824 8825 8827 8828 8830 8833 8835 8838 8842 8845 8849 8853 8857 8861 8865 8870 8875 8879 8884 8889 8894 8899 8904 8909 8914 8920 8925 8931 8937 8943 8949 8955 8962 8968 8975 8982 8988 8996 9003 9010 9018 9026 9034 9042 9050 9058 9067 9076 9085 9094 9103 9113 9123 9133 9143 9153 9163 9174 9184 9195 9206 9217 9228 9239 9250 9262 9273 9284 9295 9306 9316 9326 9336 9345 9354 9362 9370 9377 9384
8809 8809 8809 8809 8809 8810 8811 8812 8813 8815 8817 8819 8822 8825 8828 8831 8835 8839 8842 8847 8851 8855 8859 8864 8869 8873 8878 8883 8888 8893 8899 8904 8910 8915 8921 8927 8933 8940 8946 8953 8959 8966 8973 8981 8988 8996 9003 9011 9019 9028 9036 9045 9054 9063 9072 9082 9091 9101 9111 9121 9131 9142 9153 9163 9174 9185 9196 9207 9219 9230 9241 9253 9264 9275 9286 9296 9307 9316 9326 9334 9343 9350 9358 9364
