input/I57/I57_002yr24ha.asc
ncols        301
nrows        195
xllcorner    -92.313182000000
yllcorner    35.829066000000
cellsize     0.008333000000
NODATA_value -9
[rows 114 to 151 of 195, columns 0 to 83 of 301]
-9 3719 3719 3719 3719 3718 3718 3718 3718 3718 3718 3718 3719 3719 3720 3721 3721 3722 3723 3725 3727 3728 3730 3733 3735 3738 3740 3743 3746 3750 3753 3756 3759 3763 3767 3770 3773 3777 3780 3783 3786 3788 3791 3793 3795 3797 3799 3800 3802 3803 3804 3805 3806 3807 3808 3808 3808 3808 3808 3808 3808 3807 3807 3806 3805 3804 3803 3802 3801 3800 3798 3797 3795 3794 3792 3791 3789 3788 3786 3785 3783 3782 3780 3779
-9 3722 3722 3722 3722 3722 3722 3722 3722 3722 3722 3722 3722 3723 3723 3724 3725 3726 3727 3728 3730 3732 3734 3736 3738 3741 3744 3746 3749 3752 3756 3759 3762 3766 3769 3773 3776 3779 3782 3785 3788 3791 3793 3795 3797 3799 3801 3803 3804 3805 3806 3807 3808 3810 3810 3810 3811 3811 3811 3811 3810 3810 3809 3809 3808 3807 3806 3805 3804 3802 3801 3800 3798 3797 3795 3794 3793 3791 3790 3788 3787 3785 3784 3783
-9 3725 3725 3725 3725 3725 3725 3725 3725 3725 3725 3725 3726 3726 3727 3728 3728 3729 3730 3731 3733 3735 3737 3739 3741 3744 3747 3749 3752 3755 3759 3762 3765 3768 3772 3775 3779 3782 3785 3788 3791 3793 3795 3798 3800 3802 3803 3805 3806 3808 3809 3810 3810 3812 3813 3813 3813 3813 3813 3813 3813 3812 3812 3811 3810 3810 3809 3808 3807 3805 3804 3803 3801 3800 3799 3797 3796 3795 3793 3792 3791 3789 3788 3787
-9 3727 3728 3728 3728 3728 3728 3728 3728 3728 3728 3729 3729 3729 3730 3731 3732 3732 3733 3735 3736 3738 3740 3742 3744 3747 3749 3752 3755 3758 3761 3764 3768 3771 3775 3778 3781 3784 3787 3790 3793 3796 3798 3800 3802 3804 3806 3807 3809 3810 3811 3812 3813 3813 3815 3816 3816 3816 3816 3816 3816 3815 3815 3814 3813 3812 3812 3811 3810 3808 3807 3806 3805 3804 3802 3801 3800 3798 3797 3796 3795 3793 3792 3791
-9 3730 3730 3731 3731 3731 3731 3731 3731 3731 3731 3732 3732 3732 3733 3734 3735 3735 3736 3737 3739 3741 3743 3745 3747 3749 3752 3755 3758 3761 3764 3767 3770 3774 3777 3781 3784 3787 3790 3793 3795 3798 3800 3803 3805 3807 3808 3810 3811 3812 3814 3814 3815 3816 3817 3819 3819 3819 3819 3819 3818 3818 3818 3817 3816 3816 3815 3814 3813 3812 3811 3810 3808 3807 3806 3805 3804 3802 3801 3800 3799 3798 3796 3795
-9 3733 3733 3733 3734 3734 3734 3734 3734 3734 3734 3734 3735 3735 3736 3737 3738 3738 3739 3740 3742 3743 3745 3747 3750 3752 3755 3757 3760 3763 3766 3770 3773 3777 3780 3783 3786 3789 3792 3795 3798 3800 3803 3805 3807 3809 3811 3812 3814 3815 3816 3817 3818 3819 3819 3820 3822 3822 3822 3822 3821 3821 3821 3820 3819 3819 3818 3817 3816 3815 3814 3813 3812 3811 3810 3809 3807 3806 3805 3804 3803 3802 3801 3800
-9 3735 3736 3736 3736 3736 3737 3737 3737 3737 3737 3737 3737 3738 3739 3739 3740 3740 3741 3743 3744 3746 3748 3750 3752 3755 3757 3760 3763 3766 3769 3772 3776 3779 3782 3786 3789 3792 3795 3798 3800 3803 3805 3808 3810 3812 3813 3815 3816 3818 3819 3820 3820 3821 3822 3822 3823 3825 3825 3825 3825 3824 3824 3823 3823 3822 3821 3820 3820 3819 3818 3817 3816 3815 3814 3813 3811 3810 3809 3808 3807 3806 3805 3804
-9 3738 3738 3738 3739 3739 3739 3739 3739 3739 3739 3740 3740 3741 3741 3742 3743 3744 3744 3745 3747 3749 3750 3753 3755 3757 3760 3763 3765 3768 3772 3775 3778 3782 3785 3788 3791 3794 3797 3800 3803 3805 3808 3810 3812 3814 3816 3817 3819 3820 3821 3822 3823 3824 3825 3825 3825 3826 3828 3828 3828 3827 3827 3827 3826 3825 3825 3824 3823 3822 3821 3821 3820 3819 3818 3817 3816 3815 3814 3812 3811 3810 3809 3808
-9 3740 3741 3741 3741 3741 3742 3742 3742 3742 3742 3742 3743 3743 3744 3744 3745 3745 3746 3748 3749 3751 3753 3755 3757 3760 3762 3765 3768 3771 3774 3778 3781 3784 3787 3791 3794 3797 3800 3803 3805 3808 3810 3813 3815 3817 3818 3820 3822 3823 3824 3825 3826 3827 3827 3828 3828 3829 3829 3831 3831 3831 3830 3830 3830 3829 3828 3828 3827 3826 3825 3824 3823 3823 3822 3821 3820 3819 3818 3817 3816 3815 3814 3813
-9 3742 3743 3743 3744 3744 3744 3744 3744 3744 3744 3745 3745 3746 3746 3747 3748 3747 3749 3750 3752 3753 3755 3757 3760 3762 3765 3767 3770 3773 3777 3780 3783 3787 3790 3793 3796 3799 3802 3805 3808 3811 3813 3815 3817 3819 3821 3823 3824 3826 3827 3828 3829 3830 3830 3831 3831 3832 3832 3832 3834 3834 3834 3834 3833 3833 3832 3831 3831 3830 3829 3828 3827 3827 3826 3825 3824 3823 3822 3821 3821 3820 3820 3817
-9 3745 3745 3746 3746 3746 3746 3746 3747 3747 3747 3747 3747 3748 3749 3749 3750 3750 3751 3753 3754 3756 3758 3760 3762 3765 3767 3770 3773 3776 3780 3783 3786 3789 3792 3796 3799 3802 3805 3808 3811 3813 3816 3818 3820 3822 3824 3826 3827 3828 3830 3831 3832 3833 3833 3834 3834 3835 3835 3835 3835 3835 3835 3837 3837 3836 3836 3835 3834 3834 3833 3832 3831 3831 3829 3829 3828 3827 3827 3826 3825 3824 3824 3823
-9 3747 3748 3748 3748 3749 3749 3749 3749 3749 3749 3749 3750 3750 3751 3752 3753 3754 3753 3755 3756 3758 3760 3762 3765 3767 3770 3772 3776 3779 3782 3785 3788 3792 3795 3798 3801 3805 3808 3810 3813 3816 3818 3821 3823 3825 3827 3828 3830 3831 3833 3834 3835 3836 3836 3837 3838 3838 3838 3839 3839 3839 3839 3839 3838 3838 3838 3837 3837 3836 3836 3835 3835 3834 3833 3833 3832 3831 3831 3830 3829 3828 3828 3827
-9 3749 3750 3750 3751 3751 3751 3751 3751 3751 3752 3752 3752 3753 3753 3754 3755 3756 3758 3759 3761 3761 3764 3766 3768 3771 3773 3776 3779 3782 3785 3788 3791 3794 3798 3801 3804 3807 3810 3813 3816 3818 3821 3823 3825 3827 3829 3831 3833 3834 3835 3837 3838 3839 3839 3840 3841 3841 3842 3842 3842 3842 3842 3842 3842 3842 3841 3841 3840 3840 3839 3839 3838 3838 3837 3837 3836 3835 3835 3834 3833 3832 3832 3831
-9 3752 3752 3753 3753 3753 3753 3754 3754 3754 3754 3754 3755 3755 3756 3757 3758 3759 3760 3761 3763 3765 3767 3769 3771 3773 3776 3778 3781 3784 3787 3790 3794 3797 3800 3803 3807 3810 3813 3816 3818 3821 3824 3826 3828 3830 3832 3834 3836 3837 3839 3840 3841 3842 3843 3843 3844 3845 3845 3845 3846 3846 3846 3846 3846 3845 3845 3845 3844 3844 3843 3843 3842 3842 3841 3841 3840 3839 3839 3838 3837 3836 3836 3835
-9 3754 3755 3755 3755 3756 3756 3756 3756 3756 3756 3757 3757 3757 3758 3759 3760 3761 3762 3764 3765 3767 3769 3771 3773 3776 3778 3781 3784 3787 3790 3793 3796 3799 3803 3806 3809 3812 3815 3818 3821 3824 3826 3829 3831 3833 3835 3837 3839 3840 3842 3843 3844 3845 3846 3847 3847 3848 3849 3849 3849 3849 3849 3849 3849 3849 3849 3849 3848 3848 3847 3847 3846 3846 3845 3845 3844 3843 3843 3842 3841 3841 3840 3839
-9 3757 3757 3758 3758 3758 3758 3758 3758 3759 3759 3759 3759 3760 3761 3761 3762 3764 3765 3766 3768 3770 3772 3774 3776 3778 3781 3783 3786 3789 3792 3795 3799 3802 3805 3809 3812 3815 3818 3821 3824 3827 3829 3832 3834 3836 3838 3840 3842 3843 3845 3846 3847 3848 3849 3850 3851 3852 3852 3853 3853 3853 3853 3853 3853 3853 3853 3852 3852 3852 3851 3851 3850 3850 3849 3849 3848 3847 3847 3846 3845 3845 3844 3843
-9 3759 3760 3760 3760 3760 3761 3761 3761 3761 3761 3761 3762 3762 3763 3764 3765 3766 3767 3769 3770 3772 3774 3776 3778 3781 3783 3786 3789 3792 3795 3798 3801 3805 3808 3811 3814 3818 3821 3824 3827 3829 3832 3834 3837 3839 3841 3843 3845 3846 3848 3849 3851 3852 3853 3854 3854 3855 3856 3856 3857 3857 3857 3857 3857 3857 3856 3856 3856 3855 3855 3855 3854 3854 3853 3852 3852 3851 3851 3850 3849 3849 3848 3847
-9 3762 3762 3763 3763 3763 3763 3763 3763 3763 3764 3764 3764 3765 3766 3766 3767 3769 3770 3771 3773 3775 3777 3779 3781 3783 3786 3788 3791 3794 3797 3801 3804 3807 3811 3814 3817 3820 3823 3826 3829 3832 3835 3837 3840 3842 3844 3846 3848 3850 3851 3853 3854 3855 3856 3857 3858 3859 3859 3860 3860 3861 3861 3861 3861 3861 3860 3860 3860 3859 3859 3858 3858 3857 3857 3856 3856 3855 3855 3854 3853 3852 3852 3851
-9 3764 3765 3765 3765 3765 3766 3766 3766 3766 3766 3766 3767 3767 3768 3769 3770 3771 3772 3774 3775 3777 3779 3781 3783 3786 3788 3791 3794 3797 3800 3803 3807 3810 3813 3817 3820 3823 3826 3829 3832 3835 3838 3840 3843 3845 3847 3849 3851 3853 3855 3856 3857 3859 3860 3861 3862 3862 3863 3864 3864 3864 3864 3865 3864 3864 3864 3864 3864 3863 3863 3862 3862 3861 3861 3860 3860 3859 3859 3858 3857 3856 3856 3855
-9 3767 3767 3768 3768 3768 3768 3768 3768 3768 3769 3769 3769 3770 3771 3772 3773 3774 3775 3777 3778 3780 3782 3784 3786 3788 3791 3794 3797 3800 3803 3806 3809 3813 3816 3819 3822 3826 3829 3832 3835 3838 3841 3843 3846 3848 3850 3852 3854 3856 3858 3859 3861 3862 3863 3864 3865 3866 3867 3867 3868 3868 3868 3868 3868 3868 3868 3868 3867 3867 3867 3866 3866 3865 3865 3864 3864 3863 3862 3862 3861 3860 3859 3859
-9 3770 3770 3770 3770 3771 3771 3771 3771 3771 3771 3772 3772 3773 3773 3774 3775 3776 3778 3779 3781 3783 3784 3786 3789 3791 3794 3796 3799 3802 3805 3809 3812 3815 3819 3822 3825 3828 3832 3835 3838 3841 3843 3846 3849 3851 3853 3856 3858 3860 3861 3863 3864 3866 3867 3868 3869 3870 3870 3871 3871 3872 3872 3872 3872 3872 3872 3871 3871 3871 3870 3870 3869 3869 3869 3868 3867 3867 3866 3865 3865 3864 3863 3862
-9 3773 3773 3773 3773 3773 3773 3773 3773 3774 3774 3774 3775 3775 3776 3777 3778 3779 3781 3782 3784 3785 3787 3789 3791 3794 3796 3799 3802 3805 3808 3811 3815 3818 3821 3825 3828 3831 3834 3838 3841 3844 3846 3849 3852 3854 3857 3859 3861 3863 3865 3866 3868 3869 3870 3872 3873 3873 3874 3875 3875 3875 3876 3876 3876 3876 3875 3875 3875 3874 3874 3874 3873 3873 3872 3872 3871 3870 3870 3869 3868 3868 3867 3866
-9 3775 3775 3775 3775 3775 3776 3776 3776 3776 3777 3777 3778 3778 3779 3780 3781 3782 3783 3785 3786 3788 3790 3792 3794 3797 3799 3802 3805 3808 3811 3814 3817 3821 3824 3827 3831 3834 3837 3840 3844 3847 3849 3852 3855 3857 3860 3862 3864 3866 3868 3870 3871 3873 3874 3875 3876 3877 3878 3878 3879 3879 3879 3879 3879 3879 3879 3879 3878 3878 3878 3877 3877 3876 3876 3875 3875 3874 3873 3873 3872 3871 3870 3870
-9 3778 3778 3778 3778 3778 3778 3778 3779 3779 3779 3780 3780 3781 3782 3783 3784 3785 3784 3786 3788 3789 3793 3795 3797 3800 3802 3805 3808 3811 3814 3817 3820 3824 3827 3830 3834 3837 3840 3843 3846 3849 3852 3855 3858 3861 3863 3865 3868 3870 3872 3873 3875 3876 3878 3879 3880 3881 3881 3882 3882 3883 3883 3883 3883 3883 3882 3882 3882 3882 3881 3881 3880 3880 3879 3879 3878 3878 3877 3876 3876 3875 3874 3873
-9 3781 3781 3781 3781 3781 3781 3780 3780 3781 3781 3781 3781 3782 3783 3784 3785 3786 3787 3789 3790 3792 3794 3796 3800 3803 3805 3808 3811 3814 3817 3820 3823 3827 3830 3833 3837 3840 3843 3846 3849 3852 3855 3858 3861 3864 3866 3869 3871 3873 3875 3877 3878 3880 3881 3882 3883 3884 3885 3885 3886 3886 3886 3886 3886 3886 3886 3886 3885 3885 3885 3884 3884 3883 3883 3882 3882 3881 3880 3880 3879 3878 3877 3877
-9 3784 3784 3783 3783 3783 3783 3783 3783 3783 3784 3784 3784 3785 3786 3787 3788 3789 3790 3792 3794 3795 3797 3799 3802 3806 3808 3811 3814 3817 3820 3823 3826 3830 3833 3836 3839 3843 3846 3849 3852 3855 3858 3861 3864 3867 3869 3872 3874 3876 3878 3880 3882 3883 3885 3886 3887 3888 3888 3889 3889 3890 3890 3890 3890 3889 3889 3889 3889 3888 3888 3888 3887 3887 3886 3886 3885 3884 3884 3883 3882 3882 3881 3880
-9 3786 3786 3786 3786 3786 3786 3786 3786 3786 3787 3787 3787 3788 3789 3790 3791 3792 3794 3795 3797 3799 3801 3803 3805 3807 3812 3814 3817 3820 3823 3826 3829 3833 3836 3839 3843 3846 3849 3852 3855 3858 3861 3864 3867 3870 3873 3875 3877 3880 3882 3883 3885 3887 3888 3889 3890 3891 3892 3892 3893 3893 3893 3893 3893 3893 3892 3892 3892 3892 3891 3891 3890 3890 3889 3889 3888 3888 3887 3886 3886 3885 3884 3883
-9 3789 3789 3789 3789 3789 3789 3789 3789 3789 3790 3790 3791 3791 3792 3793 3794 3796 3797 3798 3800 3802 3804 3806 3808 3811 3813 3816 3820 3823 3826 3830 3833 3836 3839 3842 3846 3849 3852 3855 3858 3862 3865 3867 3870 3873 3876 3878 3880 3883 3885 3887 3888 3890 3891 3892 3893 3894 3895 3895 3896 3896 3896 3896 3896 3896 3896 3895 3895 3895 3894 3894 3894 3893 3893 3892 3892 3891 3890 3890 3889 3888 3887 3887
-9 3793 3793 3792 3792 3792 3792 3792 3792 3793 3793 3793 3794 3795 3796 3797 3798 3799 3800 3802 3804 3805 3807 3809 3812 3814 3817 3819 3822 3826 3830 3833 3836 3839 3842 3846 3849 3852 3855 3858 3862 3865 3868 3871 3873 3876 3879 3881 3884 3886 3888 3890 3891 3893 3894 3895 3896 3897 3898 3898 3899 3899 3899 3899 3899 3899 3899 3898 3898 3898 3897 3897 3897 3896 3896 3895 3895 3894 3894 3893 3892 3891 3891 3890
-9 3796 3796 3796 3796 3796 3796 3796 3796 3796 3796 3797 3797 3798 3799 3800 3801 3803 3804 3806 3807 3809 3811 3813 3815 3818 3820 3823 3826 3829 3832 3836 3839 3843 3846 3849 3852 3855 3858 3862 3865 3868 3871 3874 3876 3879 3882 3884 3887 3889 3891 3893 3894 3896 3897 3898 3899 3900 3901 3901 3902 3902 3902 3902 3902 3902 3902 3901 3901 3901 3900 3900 3900 3899 3899 3898 3898 3897 3897 3896 3895 3895 3894 3893
-9 3799 3799 3799 3799 3799 3799 3799 3799 3800 3800 3801 3801 3802 3803 3804 3805 3806 3808 3809 3811 3813 3815 3817 3819 3821 3824 3826 3829 3832 3835 3839 3843 3846 3849 3852 3855 3859 3862 3865 3868 3871 3874 3877 3879 3882 3885 3887 3889 3892 3894 3896 3897 3899 3900 3901 3902 3903 3904 3904 3905 3905 3905 3905 3905 3905 3904 3904 3904 3903 3903 3903 3902 3902 3902 3901 3901 3900 3900 3899 3898 3898 3897 3896
-9 3803 3803 3803 3803 3803 3803 3803 3803 3803 3804 3804 3805 3806 3807 3808 3809 3810 3812 3813 3815 3817 3819 3821 3823 3825 3828 3830 3833 3836 3839 3842 3845 3850 3853 3856 3859 3862 3865 3868 3871 3874 3877 3879 3882 3885 3887 3890 3892 3894 3896 3898 3900 3902 3903 3904 3905 3906 3906 3907 3907 3907 3908 3908 3907 3907 3907 3907 3906 3906 3906 3906 3905 3905 3905 3904 3904 3903 3903 3902 3901 3901 3900 3899
-9 3807 3807 3807 3807 3807 3807 3807 3807 3807 3808 3808 3809 3810 3811 3812 3813 3815 3816 3817 3819 3821 3823 3825 3827 3829 3831 3834 3837 3840 3843 3846 3849 3852 3856 3859 3862 3865 3868 3871 3874 3877 3880 3882 3885 3888 3890 3893 3895 3897 3899 3901 3903 3904 3905 3907 3908 3908 3909 3909 3910 3910 3910 3910 3910 3910 3909 3909 3909 3909 3908 3908 3908 3908 3907 3907 3906 3906 3905 3905 3904 3903 3903 3902
-9 3809 3809 3809 3808 3808 3808 3808 3808 3808 3809 3809 3813 3814 3815 3816 3817 3819 3820 3822 3823 3825 3827 3829 3831 3833 3835 3838 3841 3843 3846 3849 3852 3856 3860 3863 3866 3869 3871 3874 3877 3880 3883 3885 3888 3890 3893 3895 3898 3900 3902 3903 3905 3907 3908 3909 3910 3911 3911 3912 3912 3912 3912 3912 3912 3912 3912 3912 3911 3911 3911 3911 3910 3910 3910 3909 3909 3909 3908 3907 3907 3906 3905 3905
-9 3813 3813 3813 3812 3812 3812 3812 3812 3812 3813 3813 3814 3815 3816 3817 3818 3819 3825 3826 3828 3829 3831 3833 3835 3837 3839 3842 3845 3847 3850 3853 3856 3859 3862 3866 3869 3872 3875 3878 3880 3883 3886 3888 3891 3893 3896 3898 3900 3902 3904 3906 3908 3909 3910 3911 3912 3913 3914 3914 3914 3915 3915 3915 3914 3914 3914 3914 3914 3913 3913 3913 3913 3912 3912 3912 3911 3911 3911 3910 3909 3909 3908 3907
-9 3817 3817 3817 3816 3816 3816 3816 3816 3817 3817 3818 3818 3819 3820 3821 3822 3824 3825 3830 3832 3834 3835 3837 3839 3841 3844 3846 3849 3851 3854 3857 3860 3863 3866 3870 3873 3875 3878 3881 3883 3886 3888 3891 3893 3896 3898 3900 3903 3905 3906 3908 3910 3911 3913 3914 3915 3915 3916 3916 3917 3917 3917 3917 3917 3916 3916 3916 3916 3916 3915 3915 3915 3915 3914 3914 3914 3913 3913 3912 3912 3911 3910 3910
-9 3821 3821 3821 3821 3820 3820 3820 3821 3821 3821 3822 3823 3824 3825 3826 3827 3828 3830 3831 3837 3838 3840 3842 3844 3846 3848 3850 3853 3855 3858 3861 3864 3866 3869 3873 3876 3879 3881 3884 3886 3889 3891 3894 3896 3898 3901 3903 3905 3907 3909 3910 3912 3913 3915 3916 3917 3917 3918 3918 3919 3919 3919 3919 3918 3918 3918 3918 3918 3917 3917 3917 3917 3917 3917 3916 3916 3916 3915 3915 3914 3913 3913 3912
-9 3825 3825 3825 3825 3825 3825 3825 3825 3825 3826 3827 3827 3828 3829 3830 3832 3833 3834 3836 3841 3843 3845 3846 3848 3850 3852 3855 3857 3859 3862 3865 3867 3870 3873 3877 3880 3882 3885 3887 3890 3892 3894 3897 3899 3901 3903 3905 3907 3909 3911 3913 3914 3916 3917 3918 3919 3919 3920 3920 3920 3920 3920 3920 3920 3920 3920 3920 3919 3919 3919 3919 3919 3919 3918 3918 3918 3918 3917 3917 3916 3916 3915 3914
