input/I57/I57_005yr24ha.asc
ncols        301
nrows        195
xllcorner    -92.313182000000
yllcorner    35.829066000000
cellsize     0.008333000000
NODATA_value -9
[rows 76 to 113 of 195, columns 84 to 167 of 301]
4484 4479 4475 4471 4467 4464 4461 4459 4456 4455 4454 4453 4452 4452 4452 4452 4453 4453 4454 4455 4456 4458 4459 4461 4462 4464 4466 4468 4471 4473 4476 4478 4481 4485 4488 4491 4495 4498 4502 4506 4510 4513 4517 4520 4524 4527 4530 4533 4536 4539 4542 4544 4547 4549 4551 4553 4555 4557 4559 4560 4562 4563 4565 4566 4567 4569 4570 4571 4573 4574 4575 4577 4578 4579 4581 4582 4583 4584 4585 4586 4587 4587 4588 4588
4489 4484 4480 4476 4472 4469 4466 4463 4461 4460 4458 4458 4457 4457 4457 4457 4457 4458 4459 4460 4461 4462 4464 4465 4467 4469 4470 4472 4475 4477 4480 4482 4485 4488 4491 4495 4498 4502 4505 4509 4512 4516 4519 4523 4526 4529 4532 4535 4538 4541 4543 4546 4548 4550 4552 4555 4556 4558 4560 4561 4563 4564 4566 4567 4568 4570 4571 4572 4574 4575 4576 4578 4579 4580 4582 4583 4584 4585 4586 4587 4588 4589 4589 4590
4494 4490 4485 4481 4477 4474 4471 4469 4466 4465 4463 4463 4462 4462 4462 4462 4462 4463 4464 4465 4466 4467 4468 4470 4471 4473 4475 4477 4479 4481 4484 4486 4489 4492 4495 4498 4502 4505 4508 4512 4515 4518 4522 4525 4528 4531 4534 4537 4540 4542 4545 4547 4549 4552 4554 4556 4558 4559 4561 4562 4564 4565 4566 4568 4569 4570 4572 4573 4574 4576 4577 4579 4580 4581 4583 4584 4585 4586 4587 4588 4589 4590 4591 4591
4499 4495 4490 4486 4482 4479 4476 4474 4472 4470 4469 4468 4467 4467 4467 4467 4467 4468 4469 4470 4471 4472 4473 4475 4476 4478 4479 4481 4483 4486 4489 4490 4493 4496 4499 4502 4505 4508 4511 4515 4518 4521 4524 4527 4530 4533 4536 4539 4541 4544 4546 4549 4551 4553 4555 4557 4559 4560 4562 4563 4565 4566 4567 4569 4570 4571 4573 4574 4575 4577 4578 4579 4581 4582 4584 4585 4586 4587 4588 4589 4590 4591 4592 4592
4505 4500 4495 4491 4488 4484 4481 4479 4477 4475 4474 4473 4472 4472 4472 4472 4472 4473 4474 4475 4476 4477 4478 4479 4481 4482 4484 4486 4489 4491 4494 4496 4499 4500 4503 4505 4508 4511 4515 4518 4521 4524 4527 4530 4533 4535 4538 4541 4543 4546 4548 4550 4552 4554 4556 4558 4560 4561 4563 4564 4565 4567 4568 4569 4571 4572 4573 4575 4576 4578 4579 4580 4582 4583 4584 4586 4587 4588 4589 4590 4591 4592 4593 4594
4510 4505 4501 4497 4493 4489 4487 4484 4482 4480 4479 4478 4477 4477 4477 4477 4477 4478 4479 4480 4481 4482 4483 4484 4486 4487 4489 4492 4494 4496 4498 4500 4503 4505 4508 4509 4512 4515 4518 4521 4524 4526 4529 4532 4535 4537 4540 4542 4545 4547 4549 4551 4553 4556 4557 4559 4561 4562 4564 4565 4566 4568 4569 4570 4572 4573 4574 4576 4577 4578 4580 4581 4583 4584 4585 4587 4588 4589 4590 4592 4592 4593 4594 4595
4515 4510 4506 4502 4498 4495 4492 4489 4487 4485 4484 4483 4483 4482 4482 4482 4483 4483 4484 4485 4486 4487 4488 4489 4490 4492 4493 4497 4499 4501 4503 4505 4507 4509 4512 4513 4515 4518 4521 4524 4526 4529 4532 4534 4537 4539 4542 4544 4547 4549 4551 4553 4555 4557 4558 4560 4562 4563 4564 4566 4567 4568 4570 4571 4572 4574 4575 4576 4578 4579 4581 4582 4584 4585 4586 4588 4589 4590 4591 4593 4594 4594 4595 4596
4520 4515 4511 4507 4503 4500 4497 4494 4492 4491 4489 4488 4488 4487 4487 4487 4488 4488 4489 4490 4490 4491 4493 4494 4495 4496 4498 4502 4503 4505 4507 4509 4511 4513 4516 4518 4519 4521 4524 4527 4529 4532 4534 4537 4539 4542 4544 4546 4548 4550 4552 4554 4556 4558 4559 4561 4562 4564 4565 4567 4568 4569 4571 4572 4573 4575 4576 4577 4579 4580 4582 4583 4584 4586 4587 4589 4590 4591 4592 4594 4595 4595 4596 4597
4524 4520 4516 4512 4508 4505 4502 4499 4497 4496 4494 4493 4493 4492 4492 4492 4493 4493 4494 4494 4495 4496 4497 4498 4500 4501 4502 4506 4508 4509 4511 4513 4515 4517 4519 4521 4522 4525 4527 4530 4532 4534 4537 4539 4541 4544 4546 4548 4550 4552 4554 4556 4557 4559 4561 4562 4563 4565 4566 4568 4569 4570 4571 4573 4574 4575 4577 4578 4580 4581 4583 4584 4585 4587 4588 4590 4591 4592 4593 4594 4595 4597 4597 4598
4529 4525 4520 4516 4513 4510 4507 4504 4502 4500 4499 4498 4497 4497 4497 4497 4497 4498 4498 4499 4500 4501 4502 4503 4504 4505 4507 4510 4512 4513 4515 4517 4519 4521 4523 4525 4526 4528 4530 4532 4535 4537 4539 4542 4544 4546 4548 4550 4552 4553 4555 4557 4559 4560 4562 4563 4565 4566 4567 4568 4570 4571 4572 4574 4575 4576 4578 4579 4581 4582 4583 4585 4586 4588 4589 4591 4592 4593 4594 4596 4597 4598 4598 4599
4534 4529 4525 4521 4517 4514 4511 4509 4507 4505 4504 4503 4502 4502 4502 4502 4502 4502 4503 4504 4504 4505 4506 4507 4508 4510 4511 4512 4516 4517 4519 4521 4522 4524 4526 4528 4529 4531 4533 4535 4538 4540 4542 4544 4546 4548 4550 4552 4553 4555 4557 4558 4560 4561 4563 4564 4566 4567 4568 4569 4571 4572 4573 4575 4576 4577 4579 4580 4582 4583 4584 4586 4587 4589 4590 4592 4593 4594 4596 4597 4598 4599 4600 4600
4538 4533 4529 4525 4522 4519 4516 4513 4511 4510 4508 4507 4507 4506 4506 4506 4506 4507 4507 4508 4509 4509 4510 4511 4512 4514 4515 4518 4520 4521 4523 4524 4526 4528 4529 4531 4533 4534 4536 4538 4540 4542 4544 4546 4548 4550 4552 4553 4555 4557 4558 4560 4561 4563 4564 4565 4567 4568 4569 4570 4572 4573 4574 4576 4577 4578 4580 4581 4583 4584 4586 4587 4589 4590 4591 4593 4594 4596 4597 4598 4599 4600 4601 4602
4542 4538 4533 4530 4526 4523 4520 4518 4516 4514 4513 4512 4511 4510 4510 4510 4510 4511 4511 4512 4513 4513 4514 4515 4516 4517 4518 4522 4523 4525 4526 4528 4529 4531 4533 4534 4536 4538 4540 4541 4543 4545 4547 4548 4550 4552 4554 4555 4557 4558 4560 4561 4563 4564 4565 4567 4568 4569 4570 4571 4573 4574 4575 4577 4578 4579 4581 4582 4584 4585 4587 4588 4590 4591 4593 4594 4595 4597 4598 4599 4600 4601 4602 4603
4546 4541 4537 4533 4530 4527 4524 4522 4520 4518 4517 4516 4515 4514 4514 4514 4514 4515 4515 4516 4516 4517 4518 4519 4520 4521 4522 4525 4527 4528 4529 4531 4532 4534 4536 4537 4539 4541 4543 4544 4546 4547 4549 4551 4553 4554 4556 4557 4559 4560 4561 4563 4564 4565 4567 4568 4569 4570 4571 4573 4574 4575 4576 4578 4579 4580 4582 4583 4585 4586 4588 4589 4591 4592 4594 4595 4597 4598 4599 4600 4601 4602 4603 4604
4549 4545 4541 4537 4534 4531 4528 4525 4523 4522 4520 4519 4519 4518 4518 4518 4518 4518 4519 4519 4520 4521 4521 4522 4523 4524 4525 4529 4530 4531 4532 4534 4535 4537 4538 4540 4542 4544 4545 4547 4549 4550 4552 4553 4555 4556 4558 4559 4560 4562 4563 4564 4566 4567 4568 4569 4570 4571 4573 4574 4575 4576 4577 4579 4580 4581 4583 4584 4586 4587 4589 4590 4592 4593 4595 4596 4598 4599 4600 4602 4603 4604 4605 4605
4553 4548 4544 4541 4537 4534 4531 4529 4527 4525 4524 4523 4522 4522 4521 4521 4521 4522 4522 4523 4523 4524 4525 4526 4526 4527 4528 4532 4533 4534 4535 4537 4538 4540 4541 4543 4544 4546 4548 4549 4551 4553 4554 4556 4557 4558 4560 4561 4562 4563 4565 4566 4567 4568 4569 4570 4572 4573 4574 4575 4576 4577 4579 4580 4581 4583 4584 4586 4587 4589 4590 4592 4593 4595 4596 4598 4599 4600 4602 4603 4604 4605 4606 4607
4556 4552 4548 4544 4540 4537 4535 4532 4530 4529 4527 4526 4526 4525 4525 4525 4525 4525 4525 4526 4526 4527 4528 4529 4530 4530 4531 4535 4536 4537 4538 4539 4541 4542 4544 4545 4547 4549 4550 4552 4553 4555 4556 4558 4559 4560 4562 4563 4564 4565 4566 4568 4569 4570 4571 4572 4573 4574 4575 4576 4577 4579 4580 4581 4582 4584 4585 4587 4588 4590 4591 4593 4594 4596 4597 4599 4600 4602 4603 4604 4605 4606 4607 4608
4559 4555 4551 4547 4544 4541 4538 4535 4533 4532 4530 4529 4529 4528 4528 4528 4528 4528 4528 4529 4529 4530 4531 4532 4532 4533 4534 4537 4538 4540 4541 4542 4543 4545 4546 4548 4550 4551 4553 4554 4556 4557 4559 4560 4561 4563 4564 4565 4566 4567 4568 4569 4570 4571 4572 4573 4574 4576 4577 4578 4579 4580 4581 4582 4584 4585 4587 4588 4589 4591 4593 4594 4596 4597 4599 4600 4601 4603 4604 4605 4606 4607 4608 4609
4562 4558 4554 4550 4547 4543 4541 4538 4536 4535 4534 4533 4532 4531 4531 4531 4531 4531 4531 4532 4532 4533 4534 4534 4535 4536 4537 4538 4541 4542 4543 4545 4546 4547 4549 4551 4552 4554 4555 4557 4558 4560 4561 4562 4564 4565 4566 4567 4568 4569 4570 4571 4572 4573 4574 4575 4576 4577 4578 4579 4580 4581 4583 4584 4585 4586 4588 4589 4591 4592 4594 4595 4597 4598 4600 4601 4603 4604 4605 4607 4608 4609 4610 4611
4565 4560 4556 4553 4549 4546 4544 4541 4539 4538 4536 4535 4535 4534 4534 4534 4534 4534 4534 4535 4535 4536 4536 4537 4538 4539 4540 4542 4544 4545 4546 4547 4549 4550 4552 4553 4555 4556 4558 4559 4561 4562 4563 4565 4566 4567 4568 4569 4570 4571 4572 4573 4574 4575 4576 4577 4578 4579 4580 4581 4582 4583 4584 4585 4586 4588 4589 4591 4592 4594 4595 4597 4598 4600 4601 4603 4604 4605 4607 4608 4609 4610 4611 4612
4567 4563 4559 4556 4552 4549 4547 4544 4542 4541 4539 4538 4538 4537 4537 4537 4537 4537 4537 4537 4538 4539 4539 4540 4541 4542 4543 4545 4546 4547 4548 4550 4551 4553 4554 4556 4557 4559 4560 4562 4563 4564 4566 4567 4568 4569 4570 4571 4572 4573 4574 4575 4576 4576 4577 4578 4579 4580 4581 4582 4583 4584 4585 4587 4588 4589 4591 4592 4593 4595 4597 4598 4600 4601 4603 4604 4605 4607 4608 4609 4610 4611 4612 4613
4570 4566 4562 4558 4555 4552 4549 4547 4545 4543 4542 4541 4540 4540 4540 4539 4539 4540 4540 4540 4541 4541 4542 4543 4543 4544 4545 4547 4549 4550 4551 4552 4554 4555 4557 4558 4560 4561 4563 4564 4566 4567 4568 4569 4570 4571 4572 4573 4574 4575 4576 4577 4577 4578 4579 4580 4581 4582 4583 4584 4585 4586 4587 4588 4589 4591 4592 4593 4595 4596 4598 4599 4601 4602 4604 4605 4607 4608 4609 4611 4612 4613 4614 4615
4573 4569 4565 4561 4558 4555 4552 4550 4548 4546 4545 4544 4543 4543 4542 4542 4542 4542 4543 4543 4544 4544 4545 4545 4546 4547 4548 4550 4551 4552 4553 4555 4556 4558 4559 4561 4562 4564 4565 4567 4568 4569 4570 4572 4573 4573 4574 4575 4576 4577 4578 4578 4579 4580 4581 4582 4582 4583 4584 4585 4586 4587 4588 4589 4591 4592 4593 4595 4596 4598 4599 4601 4602 4604 4605 4607 4608 4609 4611 4612 4613 4614 4615 4616
4575 4571 4567 4564 4561 4558 4555 4553 4551 4549 4548 4547 4546 4546 4545 4545 4545 4545 4546 4546 4546 4547 4548 4548 4549 4550 4551 4553 4554 4555 4556 4557 4559 4560 4562 4563 4565 4566 4568 4569 4570 4572 4573 4574 4575 4576 4577 4577 4578 4579 4580 4580 4581 4582 4583 4583 4584 4585 4586 4587 4588 4589 4590 4591 4592 4593 4595 4596 4597 4599 4600 4602 4603 4605 4606 4608 4609 4611 4612 4613 4614 4615 4616 4617
4578 4574 4570 4567 4563 4561 4558 4556 4554 4552 4551 4550 4549 4549 4548 4548 4548 4548 4549 4549 4549 4550 4551 4551 4552 4553 4554 4555 4556 4557 4559 4560 4561 4563 4564 4566 4567 4569 4570 4572 4573 4574 4575 4576 4577 4578 4579 4579 4580 4581 4582 4582 4583 4584 4584 4585 4586 4586 4587 4588 4589 4590 4591 4592 4593 4595 4596 4597 4599 4600 4602 4603 4605 4606 4608 4609 4610 4612 4613 4614 4615 4616 4617 4618
4581 4577 4573 4570 4567 4564 4561 4559 4557 4555 4554 4553 4552 4552 4552 4551 4551 4552 4552 4552 4553 4553 4554 4554 4555 4556 4557 4558 4559 4560 4562 4563 4564 4566 4567 4569 4570 4572 4573 4574 4576 4577 4578 4579 4580 4580 4581 4582 4582 4583 4583 4584 4585 4585 4586 4587 4587 4588 4589 4590 4591 4591 4593 4594 4595 4596 4597 4599 4600 4601 4603 4604 4606 4607 4609 4610 4612 4613 4614 4615 4617 4618 4619 4620
4577 4580 4576 4573 4570 4567 4564 4562 4560 4559 4558 4557 4556 4555 4555 4555 4555 4555 4555 4556 4556 4557 4557 4558 4559 4559 4560 4561 4562 4563 4564 4566 4567 4569 4570 4572 4573 4574 4576 4577 4578 4579 4580 4581 4582 4583 4583 4584 4584 4585 4585 4586 4587 4587 4588 4588 4589 4590 4590 4591 4592 4593 4594 4595 4596 4597 4598 4600 4601 4603 4604 4605 4607 4608 4610 4611 4613 4614 4615 4617 4618 4619 4620 4621
4580 4576 4579 4576 4573 4570 4568 4566 4564 4562 4561 4560 4559 4559 4559 4558 4558 4559 4559 4559 4560 4560 4561 4561 4562 4563 4563 4564 4565 4566 4568 4569 4570 4572 4573 4575 4576 4577 4579 4580 4581 4582 4583 4584 4584 4585 4585 4586 4586 4587 4587 4588 4588 4589 4589 4590 4591 4591 4592 4593 4593 4594 4595 4596 4597 4598 4600 4601 4602 4604 4605 4607 4608 4609 4611 4612 4614 4615 4616 4617 4619 4620 4621 4622
4583 4579 4576 4573 4577 4574 4571 4569 4568 4566 4565 4564 4563 4563 4562 4562 4562 4562 4563 4563 4563 4564 4565 4565 4566 4567 4567 4568 4569 4570 4571 4572 4573 4575 4576 4578 4579 4580 4582 4583 4584 4585 4586 4586 4587 4587 4588 4588 4589 4589 4589 4590 4590 4591 4591 4591 4592 4593 4593 4594 4595 4595 4596 4597 4598 4599 4600 4601 4603 4605 4606 4607 4609 4610 4612 4613 4615 4616 4617 4618 4620 4621 4622 4623
4585 4582 4579 4576 4573 4578 4575 4573 4572 4570 4569 4568 4567 4567 4567 4566 4566 4566 4567 4567 4567 4568 4569 4569 4570 4569 4570 4571 4572 4573 4574 4576 4577 4578 4580 4581 4582 4583 4585 4586 4587 4587 4588 4589 4589 4590 4590 4590 4591 4591 4591 4592 4592 4592 4593 4593 4593 4594 4595 4595 4596 4597 4597 4598 4599 4600 4601 4602 4604 4605 4606 4608 4610 4611 4613 4614 4615 4617 4618 4619 4620 4621 4622 4623
4589 4585 4582 4579 4577 4575 4573 4577 4576 4574 4573 4572 4572 4571 4571 4571 4571 4571 4571 4571 4572 4572 4573 4573 4574 4573 4574 4575 4576 4577 4578 4579 4580 4582 4583 4584 4585 4587 4588 4589 4590 4590 4591 4591 4592 4592 4592 4593 4593 4593 4593 4593 4594 4594 4594 4595 4595 4595 4596 4596 4597 4598 4598 4599 4600 4601 4602 4603 4604 4606 4607 4608 4609 4612 4613 4615 4616 4617 4619 4620 4621 4622 4623 4624
4592 4589 4586 4583 4581 4579 4577 4575 4574 4573 4572 4577 4576 4576 4575 4575 4575 4575 4575 4576 4576 4577 4577 4578 4577 4577 4578 4579 4580 4581 4582 4583 4584 4585 4587 4588 4589 4590 4591 4592 4593 4593 4594 4594 4594 4594 4595 4595 4595 4595 4595 4595 4595 4595 4596 4596 4596 4597 4597 4598 4598 4599 4599 4600 4601 4602 4603 4604 4605 4606 4607 4609 4610 4611 4613 4615 4617 4618 4619 4620 4621 4622 4623 4624
4595 4592 4590 4587 4585 4583 4581 4579 4578 4577 4577 4576 4576 4580 4580 4580 4580 4580 4580 4581 4581 4581 4582 4580 4581 4582 4583 4583 4584 4585 4586 4587 4588 4589 4590 4591 4592 4593 4594 4595 4596 4596 4596 4597 4597 4597 4597 4597 4597 4597 4597 4597 4597 4597 4597 4597 4598 4598 4598 4599 4599 4600 4600 4601 4602 4603 4604 4605 4606 4607 4608 4609 4610 4612 4613 4614 4616 4618 4619 4621 4622 4623 4624 4625
4599 4596 4594 4591 4589 4587 4586 4584 4583 4582 4581 4581 4581 4581 4585 4585 4585 4585 4585 4582 4583 4584 4584 4585 4586 4586 4587 4588 4589 4589 4590 4591 4592 4593 4594 4595 4596 4597 4598 4598 4599 4599 4599 4599 4599 4599 4599 4599 4599 4599 4599 4598 4598 4598 4598 4599 4599 4599 4599 4600 4600 4601 4601 4602 4602 4603 4604 4605 4606 4607 4608 4610 4611 4612 4613 4614 4616 4617 4620 4621 4622 4623 4624 4623
4604 4601 4598 4596 4594 4592 4590 4589 4588 4587 4586 4586 4586 4586 4586 4590 4590 4590 4587 4587 4588 4588 4589 4590 4590 4591 4592 4592 4593 4594 4595 4596 4596 4597 4598 4599 4600 4600 4601 4602 4602 4602 4602 4602 4602 4602 4601 4601 4601 4601 4600 4600 4600 4600 4600 4600 4600 4600 4600 4601 4601 4601 4602 4602 4603 4604 4605 4606 4607 4608 4609 4610 4611 4612 4613 4615 4616 4617 4620 4621 4622 4623 4624 4623
4608 4605 4603 4601 4599 4597 4596 4594 4593 4592 4592 4591 4591 4591 4591 4591 4591 4592 4592 4593 4593 4594 4594 4595 4595 4596 4597 4597 4598 4599 4599 4600 4601 4601 4602 4603 4603 4604 4605 4605 4605 4605 4605 4605 4604 4604 4604 4603 4603 4602 4602 4602 4601 4601 4601 4601 4601 4601 4601 4601 4602 4602 4602 4603 4603 4604 4605 4606 4607 4608 4609 4610 4611 4612 4613 4615 4616 4617 4618 4621 4622 4623 4624 4623
4613 4610 4608 4606 4604 4602 4601 4600 4599 4598 4597 4597 4597 4596 4596 4597 4597 4597 4598 4598 4598 4599 4599 4600 4600 4601 4602 4602 4603 4603 4604 4604 4605 4606 4606 4607 4607 4608 4608 4608 4608 4608 4608 4607 4607 4607 4606 4605 4605 4604 4604 4603 4603 4602 4602 4602 4602 4602 4602 4602 4602 4602 4603 4603 4604 4604 4605 4606 4607 4608 4609 4610 4611 4612 4613 4614 4616 4617 4618 4619 4620 4622 4622 4623
4618 4616 4613 4611 4610 4608 4607 4605 4604 4604 4603 4603 4602 4602 4602 4602 4602 4603 4603 4603 4604 4604 4605 4605 4606 4606 4607 4607 4608 4608 4609 4609 4609 4610 4610 4611 4611 4611 4612 4612 4611 4611 4611 4610 4610 4609 4608 4607 4607 4606 4605 4605 4604 4604 4603 4603 4603 4603 4603 4603 4603 4603 4603 4604 4604 4605 4605 4606 4607 4608 4609 4610 4611 4612 4613 4614 4615 4616 4617 4618 4620 4621 4622 4622
