input/I57/I57_200yr24ha.asc
ncols        301
nrows        195
xllcorner    -92.313182000000
yllcorner    35.829066000000
cellsize     0.008333000000
NODATA_value -9
[rows 38 to 75 of 195, columns 0 to 83 of 301]
-9 7649 7648 7648 7647 7647 7646 7646 7645 7645 7645 7645 7645 7644 7644 7644 7644 7644 7644 7643 7643 7644 7643 7642 7641 7641 7640 7639 7638 7638 7638 7637 7638 7638 7639 7640 7641 7643 7644 7647 7649 7652 7655 7658 7661 7665 7669 7673 7678 7682 7687 7692 7697 7703 7708 7714 7719 7725 7731 7737 7744 7750 7757 7764 7771 7778 7786 7794 7803 7812 7821 7831 7841 7852 7863 7875 7886 7899 7911 7924 7937 7950 7963 7976
-9 7648 7648 7647 7647 7646 7646 7645 7645 7645 7645 7645 7644 7644 7644 7644 7644 7644 7644 7644 7643 7643 7642 7642 7643 7642 7641 7641 7640 7640 7640 7640 7641 7641 7642 7643 7645 7647 7649 7651 7654 7657 7660 7663 7667 7671 7675 7679 7684 7689 7694 7699 7704 7710 7715 7721 7727 7733 7739 7745 7751 7758 7764 7771 7778 7786 7793 7802 7810 7819 7828 7838 7848 7858 7869 7880 7892 7904 7916 7929 7942 7954 7967 7980
-9 7648 7647 7647 7646 7646 7645 7645 7645 7645 7644 7644 7644 7644 7644 7645 7645 7645 7645 7645 7644 7644 7644 7643 7643 7642 7641 7643 7643 7643 7643 7643 7644 7645 7646 7647 7649 7651 7653 7656 7659 7662 7665 7669 7673 7677 7681 7686 7691 7696 7701 7706 7712 7717 7723 7729 7735 7741 7747 7753 7759 7766 7773 7779 7787 7794 7801 7809 7818 7826 7836 7845 7855 7865 7876 7887 7898 7910 7922 7935 7947 7960 7972 7985
-9 7647 7647 7646 7646 7645 7645 7645 7645 7644 7644 7644 7644 7644 7645 7645 7645 7645 7645 7645 7645 7645 7645 7645 7644 7644 7644 7643 7645 7645 7646 7646 7647 7648 7650 7652 7654 7656 7659 7661 7665 7668 7672 7675 7680 7684 7688 7693 7698 7703 7709 7714 7720 7725 7731 7737 7743 7749 7756 7762 7768 7775 7781 7788 7795 7803 7810 7818 7826 7835 7844 7853 7863 7873 7883 7894 7905 7917 7929 7941 7953 7965 7978 7990
-9 7647 7646 7646 7645 7645 7645 7644 7644 7644 7644 7644 7644 7645 7645 7645 7646 7646 7646 7646 7647 7647 7647 7647 7646 7646 7646 7646 7646 7648 7649 7650 7651 7652 7654 7656 7659 7661 7664 7667 7671 7674 7678 7682 7687 7691 7696 7701 7706 7712 7717 7723 7728 7734 7740 7746 7753 7759 7765 7771 7778 7784 7791 7798 7805 7812 7820 7827 7835 7844 7853 7862 7871 7881 7891 7902 7913 7924 7936 7947 7959 7971 7984 7996
-9 7645 7646 7645 7645 7645 7644 7644 7644 7644 7644 7644 7644 7645 7645 7645 7646 7646 7647 7647 7648 7648 7648 7648 7649 7649 7649 7649 7649 7650 7651 7654 7655 7657 7659 7661 7664 7667 7670 7674 7677 7681 7685 7690 7694 7699 7704 7710 7715 7720 7726 7732 7738 7744 7750 7756 7763 7769 7775 7782 7788 7795 7802 7808 7815 7823 7830 7838 7846 7854 7862 7871 7880 7890 7900 7910 7921 7932 7943 7955 7966 7978 7990 8002
-9 7645 7644 7644 7644 7644 7644 7644 7644 7644 7644 7644 7644 7645 7645 7646 7646 7647 7648 7648 7649 7650 7650 7650 7651 7651 7652 7652 7653 7654 7655 7656 7660 7662 7664 7667 7670 7673 7677 7680 7684 7689 7693 7698 7703 7708 7713 7719 7724 7730 7736 7742 7748 7754 7761 7767 7774 7780 7787 7793 7800 7806 7813 7820 7827 7834 7841 7849 7856 7864 7873 7882 7891 7900 7910 7920 7930 7941 7952 7963 7974 7986 7997 8009
-9 7645 7644 7644 7644 7643 7643 7644 7643 7643 7644 7644 7644 7645 7645 7646 7647 7648 7649 7649 7650 7651 7652 7653 7653 7654 7655 7656 7657 7658 7659 7661 7663 7665 7670 7673 7676 7680 7684 7688 7692 7697 7701 7707 7712 7717 7723 7728 7734 7740 7747 7753 7759 7766 7772 7779 7785 7792 7799 7805 7812 7819 7825 7832 7839 7846 7853 7861 7868 7876 7884 7893 7902 7911 7920 7930 7940 7950 7961 7972 7983 7994 8005 8016
-9 7644 7644 7644 7644 7643 7643 7643 7643 7643 7643 7644 7644 7645 7646 7646 7647 7648 7649 7650 7652 7653 7654 7655 7656 7657 7658 7659 7661 7662 7664 7666 7669 7671 7674 7677 7683 7687 7691 7696 7700 7705 7710 7716 7721 7727 7733 7739 7745 7751 7758 7764 7771 7778 7784 7791 7798 7805 7811 7818 7825 7832 7838 7845 7852 7859 7866 7874 7881 7889 7897 7905 7913 7922 7931 7941 7950 7960 7971 7981 7992 8002 8013 8024
-9 7644 7644 7644 7643 7643 7643 7643 7643 7643 7643 7644 7644 7645 7646 7647 7648 7649 7650 7651 7653 7654 7656 7657 7658 7660 7661 7663 7665 7667 7669 7672 7675 7678 7681 7685 7688 7693 7699 7704 7709 7714 7720 7725 7731 7737 7744 7750 7756 7763 7770 7777 7783 7790 7797 7804 7811 7818 7825 7832 7839 7846 7853 7859 7866 7873 7880 7887 7895 7902 7910 7918 7926 7935 7943 7952 7962 7971 7981 7991 8002 8012 8022 8033
-9 7644 7644 7644 7643 7643 7643 7643 7643 7643 7643 7644 7644 7645 7646 7647 7648 7650 7651 7653 7655 7656 7657 7659 7661 7663 7665 7667 7669 7672 7675 7678 7681 7684 7688 7692 7697 7701 7706 7713 7718 7724 7730 7736 7742 7748 7755 7762 7768 7775 7782 7789 7797 7804 7811 7818 7825 7833 7840 7847 7854 7861 7868 7874 7881 7888 7895 7902 7909 7917 7924 7932 7940 7948 7956 7965 7974 7983 7993 8002 8012 8022 8032 8042
-9 7645 7644 7644 7643 7643 7643 7643 7643 7643 7643 7643 7644 7645 7646 7647 7649 7650 7652 7654 7656 7658 7660 7661 7664 7666 7668 7671 7674 7677 7680 7684 7687 7691 7696 7700 7705 7710 7715 7721 7727 7734 7740 7747 7753 7760 7767 7774 7781 7788 7796 7803 7811 7818 7826 7833 7841 7848 7855 7862 7870 7877 7884 7890 7897 7904 7911 7918 7925 7932 7939 7947 7954 7962 7970 7979 7987 7996 8005 8014 8023 8033 8043 8053
-9 7645 7645 7644 7644 7643 7643 7642 7642 7642 7643 7643 7644 7645 7646 7647 7649 7651 7653 7655 7657 7659 7662 7664 7667 7669 7672 7675 7678 7682 7686 7690 7694 7698 7703 7708 7714 7719 7725 7731 7737 7744 7751 7758 7765 7772 7779 7787 7794 7802 7810 7817 7825 7833 7841 7849 7856 7864 7871 7879 7886 7893 7900 7907 7914 7921 7928 7935 7941 7948 7955 7962 7970 7977 7985 7993 8001 8009 8018 8027 8036 8045 8054 8063
-9 7645 7645 7645 7644 7644 7644 7642 7642 7642 7642 7643 7644 7645 7646 7647 7649 7651 7653 7655 7658 7661 7663 7666 7670 7673 7676 7679 7683 7687 7691 7696 7701 7706 7711 7717 7722 7728 7735 7741 7748 7755 7762 7770 7777 7785 7792 7800 7808 7816 7824 7832 7840 7849 7857 7865 7873 7881 7888 7896 7903 7911 7918 7925 7932 7939 7945 7952 7959 7965 7972 7979 7986 7993 8000 8008 8015 8023 8031 8040 8048 8057 8066 8075
-9 7646 7645 7645 7645 7644 7644 7644 7642 7642 7642 7643 7643 7644 7646 7647 7649 7651 7654 7656 7659 7662 7665 7668 7672 7676 7680 7683 7688 7692 7697 7702 7708 7713 7719 7725 7732 7738 7745 7752 7759 7766 7774 7782 7790 7798 7806 7814 7823 7831 7839 7848 7856 7865 7873 7882 7890 7898 7906 7914 7921 7929 7936 7943 7950 7957 7964 7970 7977 7983 7990 7996 8003 8010 8016 8023 8031 8038 8046 8054 8062 8070 8070 8078
-9 7647 7646 7645 7645 7644 7644 7644 7644 7644 7644 7644 7645 7646 7646 7647 7649 7651 7654 7657 7660 7663 7667 7670 7674 7679 7683 7688 7693 7698 7703 7709 7715 7721 7727 7734 7741 7748 7755 7763 7770 7778 7786 7795 7804 7812 7820 7829 7838 7846 7855 7864 7873 7882 7890 7899 7908 7916 7924 7932 7940 7948 7955 7962 7969 7976 7982 7989 7995 8002 8008 8014 8020 8027 8033 8040 8047 8054 8061 8068 8076 8075 8083 8091
-9 7647 7647 7646 7646 7645 7644 7644 7644 7644 7644 7644 7645 7646 7647 7648 7649 7652 7655 7658 7661 7665 7668 7673 7677 7682 7686 7691 7697 7704 7710 7716 7722 7729 7736 7743 7751 7758 7766 7774 7782 7791 7799 7808 7817 7826 7835 7844 7853 7862 7871 7880 7890 7899 7908 7917 7926 7934 7943 7951 7959 7967 7974 7981 7988 7994 8000 8006 8012 8018 8024 8029 8035 8040 8046 8057 8057 8063 8069 8076 8082 8089 8096 8104
-9 7648 7648 7647 7646 7646 7645 7644 7644 7644 7644 7644 7645 7646 7647 7649 7650 7652 7655 7659 7662 7666 7670 7675 7680 7685 7690 7696 7701 7710 7716 7723 7730 7737 7745 7752 7760 7769 7777 7785 7794 7803 7812 7821 7831 7841 7850 7859 7869 7878 7888 7897 7907 7917 7926 7935 7944 7953 7962 7971 7979 7987 7994 8001 8008 8014 8021 8027 8032 8038 8043 8048 8054 8059 8064 8069 8074 8080 8085 8091 8097 8104 8110 8117
-9 7650 7649 7648 7647 7646 7646 7645 7645 7644 7644 7644 7645 7646 7647 7649 7651 7653 7656 7660 7664 7668 7673 7677 7683 7688 7694 7700 7706 7713 7723 7730 7738 7746 7754 7762 7771 7779 7788 7797 7807 7816 7825 7835 7845 7856 7866 7875 7885 7895 7905 7915 7925 7935 7944 7954 7963 7973 7982 7990 8000 8007 8015 8022 8029 8035 8041 8047 8053 8058 8063 8068 8073 8078 8082 8087 8092 8097 8102 8107 8113 8119 8125 8131
-9 7651 7650 7649 7648 7647 7647 7646 7645 7645 7645 7645 7645 7646 7648 7649 7651 7655 7658 7662 7666 7670 7675 7680 7686 7692 7698 7704 7711 7719 7730 7738 7746 7755 7763 7772 7781 7791 7800 7810 7819 7829 7839 7849 7860 7871 7881 7892 7902 7912 7922 7933 7943 7953 7963 7973 7983 7992 8002 8011 8020 8028 8036 8043 8050 8057 8062 8068 8073 8079 8083 8088 8093 8097 8101 8106 8110 8114 8119 8124 8129 8134 8140 8146
-9 7653 7652 7651 7650 7649 7648 7647 7646 7646 7646 7646 7646 7647 7648 7650 7652 7656 7660 7664 7668 7673 7678 7683 7689 7696 7702 7709 7717 7725 7738 7746 7755 7764 7773 7783 7792 7802 7812 7822 7833 7843 7853 7864 7875 7887 7898 7908 7919 7930 7940 7951 7962 7972 7982 7993 8003 8012 8022 8031 8040 8049 8057 8064 8071 8078 8084 8089 8094 8099 8104 8108 8113 8117 8121 8124 8128 8132 8136 8141 8145 8150 8155 8161
-9 7654 7653 7652 7651 7650 7649 7648 7648 7647 7647 7647 7647 7648 7649 7651 7654 7658 7662 7666 7671 7676 7681 7687 7693 7700 7707 7715 7723 7731 7746 7755 7764 7774 7784 7794 7804 7814 7825 7835 7846 7857 7868 7879 7891 7904 7915 7925 7936 7947 7958 7969 7980 7991 8002 8012 8023 8033 8042 8052 8060 8071 8079 8085 8092 8099 8105 8111 8116 8121 8125 8129 8133 8137 8140 8148 8153 8157 8161 8158 8162 8166 8171 8176
-9 7656 7655 7654 7653 7652 7651 7650 7649 7649 7648 7648 7649 7650 7651 7653 7655 7661 7665 7669 7674 7679 7685 7691 7698 7705 7713 7721 7729 7738 7754 7764 7774 7784 7794 7805 7816 7827 7838 7849 7860 7872 7883 7895 7907 7920 7932 7943 7954 7966 7977 7988 7999 8010 8021 8032 8043 8053 8063 8072 8081 8092 8100 8106 8113 8120 8126 8132 8137 8142 8146 8150 8153 8157 8164 8167 8171 8175 8179 8183 8187 8183 8187 8191
-9 7658 7657 7656 7655 7654 7653 7652 7651 7651 7650 7650 7651 7652 7653 7655 7660 7664 7668 7672 7678 7683 7689 7696 7703 7711 7719 7727 7736 7745 7763 7773 7784 7795 7806 7817 7828 7840 7851 7863 7875 7887 7899 7911 7923 7937 7949 7961 7972 7984 7995 8007 8019 8030 8041 8052 8063 8073 8083 8093 8102 8114 8122 8127 8134 8141 8147 8153 8159 8163 8167 8171 8174 8180 8183 8186 8190 8193 8197 8200 8204 8208 8212 8217
-9 7661 7660 7659 7658 7656 7655 7654 7654 7653 7653 7654 7655 7656 7658 7661 7664 7667 7672 7677 7682 7688 7694 7701 7709 7717 7725 7734 7744 7762 7773 7783 7794 7806 7817 7829 7841 7853 7865 7877 7890 7902 7914 7927 7940 7954 7966 7978 7990 8002 8014 8026 8038 8049 8061 8072 8083 8094 8104 8114 8123 8132 8140 8148 8155 8162 8168 8174 8179 8184 8188 8192 8196 8199 8202 8205 8208 8211 8214 8218 8221 8224 8228 8232
-9 7663 7662 7661 7660 7659 7658 7657 7657 7656 7657 7657 7658 7660 7662 7664 7668 7671 7676 7681 7687 7693 7700 7707 7715 7723 7732 7742 7752 7772 7783 7794 7805 7817 7829 7842 7854 7867 7879 7892 7905 7918 7931 7944 7957 7972 7984 7996 8008 8021 8033 8045 8057 8069 8080 8092 8103 8114 8124 8134 8144 8153 8161 8169 8176 8183 8189 8195 8200 8204 8209 8212 8216 8219 8222 8224 8227 8230 8232 8235 8238 8241 8244 8248
-9 7666 7665 7664 7663 7662 7661 7661 7660 7660 7660 7661 7662 7664 7666 7669 7672 7676 7681 7686 7692 7699 7706 7713 7722 7730 7740 7750 7771 7782 7793 7805 7817 7829 7842 7854 7867 7880 7894 7907 7920 7933 7947 7960 7974 7989 8002 8014 8027 8039 8052 8064 8076 8088 8100 8112 8123 8134 8145 8155 8164 8173 8182 8190 8197 8204 8210 8215 8220 8225 8229 8232 8235 8238 8241 8243 8246 8248 8250 8252 8255 8258 8260 8264
-9 7670 7669 7668 7667 7666 7665 7665 7664 7664 7664 7665 7666 7668 7670 7673 7677 7681 7686 7692 7698 7705 7712 7720 7729 7738 7748 7758 7780 7792 7803 7816 7828 7841 7854 7868 7881 7895 7908 7922 7936 7949 7963 7977 7993 8006 8019 8032 8045 8057 8070 8083 8095 8107 8119 8131 8143 8154 8164 8175 8184 8194 8202 8210 8217 8224 8230 8236 8240 8245 8249 8252 8255 8258 8260 8262 8264 8266 8268 8270 8272 8274 8277 8280
-9 7674 7673 7672 7671 7670 7670 7669 7669 7669 7669 7670 7671 7673 7675 7679 7682 7687 7692 7698 7704 7711 7719 7727 7736 7746 7756 7779 7790 7802 7814 7827 7840 7853 7867 7881 7895 7909 7923 7937 7951 7965 7980 7994 8010 8023 8036 8050 8063 8076 8088 8101 8114 8126 8138 8150 8162 8173 8184 8194 8204 8213 8222 8230 8237 8244 8250 8255 8260 8264 8268 8271 8274 8277 8279 8281 8282 8284 8285 8287 8289 8291 8293 8295
-9 7678 7677 7677 7676 7675 7674 7674 7674 7674 7674 7675 7676 7678 7681 7684 7688 7693 7698 7704 7711 7718 7726 7735 7745 7755 7777 7789 7801 7813 7826 7839 7852 7866 7880 7894 7909 7923 7938 7952 7967 7981 7996 8014 8027 8040 8054 8067 8080 8093 8107 8119 8132 8145 8157 8169 8181 8193 8203 8214 8224 8233 8242 8250 8257 8264 8270 8275 8280 8284 8287 8290 8293 8295 8297 8299 8300 8302 8303 8304 8306 8307 8309 8311
-9 7684 7684 7683 7683 7683 7683 7683 7683 7684 7685 7686 7688 7684 7687 7690 7695 7699 7705 7711 7718 7726 7734 7743 7753 7776 7787 7799 7811 7824 7837 7851 7864 7879 7893 7908 7923 7938 7953 7968 7982 7997 8012 8030 8044 8057 8071 8084 8098 8111 8124 8138 8151 8163 8176 8188 8200 8211 8222 8233 8243 8261 8269 8269 8276 8283 8289 8294 8299 8303 8306 8309 8312 8314 8315 8317 8318 8319 8320 8321 8323 8324 8326 8327
-9 7690 7689 7689 7689 7689 7688 7689 7689 7690 7691 7693 7695 7698 7702 7706 7711 7716 7712 7719 7726 7734 7743 7752 7775 7786 7797 7810 7822 7835 7849 7863 7877 7892 7907 7922 7937 7952 7967 7983 7998 8013 8029 8046 8060 8074 8088 8101 8115 8129 8142 8155 8168 8181 8194 8206 8218 8230 8241 8252 8271 8280 8289 8297 8304 8310 8315 8320 8324 8328 8330 8328 8330 8332 8333 8335 8336 8337 8338 8338 8339 8340 8342 8343
-9 7696 7695 7695 7695 7695 7695 7695 7696 7697 7698 7700 7702 7705 7709 7713 7718 7724 7731 7738 7746 7755 7764 7774 7785 7796 7808 7820 7833 7847 7861 7875 7890 7905 7920 7935 7951 7967 7982 7998 8014 8029 8048 8062 8076 8091 8105 8118 8132 8146 8160 8173 8186 8199 8212 8224 8236 8248 8259 8270 8290 8299 8308 8316 8323 8329 8335 8339 8343 8347 8349 8351 8348 8350 8351 8352 8353 8354 8355 8355 8356 8357 8358 8359
-9 7702 7702 7702 7701 7701 7702 7702 7703 7704 7705 7707 7710 7713 7717 7721 7727 7733 7740 7747 7755 7764 7774 7784 7795 7807 7819 7831 7845 7859 7873 7887 7903 7918 7934 7949 7965 7981 7997 8013 8029 8049 8064 8078 8093 8107 8121 8135 8149 8163 8177 8190 8204 8217 8230 8242 8254 8266 8277 8288 8298 8318 8327 8335 8342 8348 8353 8358 8362 8365 8368 8370 8366 8367 8369 8370 8370 8371 8372 8372 8373 8373 8374 8376
-9 7708 7708 7708 7708 7708 7709 7709 7710 7711 7713 7715 7718 7721 7725 7730 7735 7742 7749 7756 7765 7774 7784 7794 7806 7817 7830 7843 7857 7871 7885 7900 7916 7931 7947 7963 7980 7996 8012 8035 8050 8065 8080 8094 8109 8123 8138 8152 8166 8180 8194 8207 8221 8234 8247 8260 8272 8283 8295 8305 8316 8337 8345 8353 8360 8366 8372 8377 8380 8384 8386 8388 8389 8385 8386 8387 8387 8388 8388 8389 8389 8390 8391 8392
-9 7715 7715 7715 7715 7716 7716 7717 7718 7719 7721 7723 7726 7729 7734 7739 7744 7751 7758 7766 7775 7784 7794 7805 7817 7829 7841 7855 7869 7883 7898 7913 7929 7945 7961 7978 7994 8019 8035 8050 8065 8081 8095 8110 8125 8140 8154 8168 8183 8197 8211 8224 8238 8251 8264 8277 8289 8301 8312 8323 8333 8342 8363 8371 8378 8384 8390 8395 8398 8402 8404 8406 8407 8402 8403 8404 8404 8405 8405 8405 8406 8406 8407 8408
-9 7722 7723 7723 7723 7723 7724 7725 7726 7727 7729 7732 7735 7738 7743 7748 7754 7760 7768 7776 7785 7795 7805 7816 7828 7840 7853 7867 7881 7896 7911 7926 7942 7959 7975 8002 8018 8034 8050 8065 8081 8096 8111 8126 8141 8156 8170 8185 8199 8213 8227 8241 8255 8268 8281 8294 8306 8318 8329 8340 8350 8360 8368 8389 8396 8402 8408 8412 8416 8419 8422 8423 8425 8425 8420 8421 8421 8421 8422 8422 8422 8422 8423 8424
-9 7734 7735 7735 7731 7731 7732 7733 7734 7736 7738 7741 7744 7748 7752 7757 7764 7770 7778 7786 7796 7805 7816 7827 7839 7852 7865 7879 7894 7909 7924 7940 7956 7985 8001 8017 8033 8049 8065 8081 8096 8112 8127 8142 8157 8172 8187 8201 8216 8230 8244 8258 8271 8285 8298 8310 8323 8335 8346 8357 8367 8376 8385 8393 8413 8419 8425 8429 8433 8436 8439 8441 8442 8442 8437 8437 8438 8438 8438 8438 8439 8439 8439 8440
