input/I57/I57_002yr24ha.asc
ncols        301
nrows        195
xllcorner    -92.313182000000
yllcorner    35.829066000000
cellsize     0.008333000000
NODATA_value -9
[rows 0 to 37 of 195, columns 84 to 167 of 301]
3457 3462 3466 3470 3474 3478 3482 3486 3489 3493 3497 3500 3504 3507 3511 3515 3518 3521 3525 3528 3532 3535 3538 3541 3545 3548 3551 3553 3556 3559 3562 3564 3566 3568 3570 3572 3574 3575 3577 3578 3579 3580 3581 3581 3582 3583 3584 3584 3585 3586 3587 3588 3589 3590 3591 3592 3593 3594 3595 3596 3597 3598 3599 3600 3601 3602 3603 3604 3605 3605 3606 3607 3607 3608 3609 3610 3611 3613 3614 3615 3617 3619 3621 3623
3462 3466 3471 3475 3479 3483 3488 3491 3495 3499 3503 3506 3510 3514 3517 3521 3524 3528 3531 3534 3538 3541 3544 3548 3551 3554 3557 3559 3562 3565 3567 3570 3572 3574 3576 3578 3579 3580 3582 3583 3584 3585 3585 3586 3587 3588 3588 3589 3590 3591 3592 3592 3593 3594 3595 3596 3597 3598 3599 3600 3601 3602 3603 3604 3605 3606 3607 3608 3609 3609 3610 3611 3611 3612 3613 3614 3615 3616 3617 3619 3621 3622 3624 3626
3467 3471 3476 3480 3484 3489 3493 3497 3501 3505 3509 3512 3516 3520 3523 3527 3530 3534 3537 3541 3544 3547 3550 3554 3557 3560 3562 3565 3568 3571 3573 3575 3577 3579 3581 3583 3584 3585 3587 3588 3588 3589 3590 3591 3591 3592 3593 3593 3594 3595 3596 3597 3598 3599 3600 3601 3602 3603 3604 3605 3606 3607 3608 3608 3609 3610 3611 3612 3612 3613 3614 3614 3615 3616 3617 3618 3619 3620 3621 3623 3624 3626 3628 3630
3471 3476 3481 3485 3489 3495 3499 3503 3507 3511 3514 3518 3522 3526 3529 3533 3536 3540 3543 3546 3550 3553 3556 3559 3562 3565 3568 3571 3573 3576 3578 3581 3583 3584 3586 3588 3589 3590 3591 3592 3593 3594 3594 3595 3595 3596 3597 3597 3598 3599 3600 3601 3602 3602 3603 3604 3605 3606 3607 3608 3609 3610 3611 3612 3613 3614 3615 3616 3616 3617 3617 3618 3619 3620 3620 3621 3622 3624 3625 3626 3628 3630 3632 3634
3476 3481 3485 3490 3495 3500 3504 3508 3512 3516 3520 3524 3528 3531 3535 3538 3542 3545 3549 3552 3555 3559 3562 3565 3568 3571 3574 3576 3579 3581 3584 3586 3588 3589 3591 3592 3594 3595 3596 3597 3597 3598 3598 3599 3600 3600 3601 3601 3602 3603 3603 3604 3605 3606 3607 3608 3609 3610 3611 3612 3613 3614 3615 3616 3617 3618 3618 3619 3620 3620 3621 3622 3622 3623 3624 3625 3626 3627 3628 3630 3631 3633 3635 3637
3480 3485 3490 3495 3501 3505 3509 3514 3518 3522 3526 3529 3533 3537 3540 3544 3547 3551 3554 3558 3561 3564 3567 3570 3573 3576 3579 3581 3584 3586 3589 3591 3592 3594 3596 3597 3598 3599 3600 3601 3601 3602 3602 3603 3603 3604 3604 3605 3605 3606 3607 3608 3609 3610 3611 3612 3613 3614 3615 3616 3617 3617 3618 3619 3620 3621 3622 3623 3623 3624 3624 3625 3626 3626 3627 3628 3629 3630 3632 3633 3635 3637 3639 3640
3485 3490 3496 3501 3506 3510 3515 3519 3523 3527 3531 3535 3539 3542 3546 3549 3553 3556 3560 3563 3566 3569 3572 3577 3580 3583 3586 3588 3591 3593 3595 3597 3599 3601 3602 3603 3604 3605 3606 3606 3606 3607 3607 3607 3607 3607 3608 3608 3609 3610 3610 3611 3612 3613 3614 3615 3616 3617 3618 3619 3620 3621 3622 3622 3623 3624 3625 3626 3626 3627 3628 3628 3629 3630 3630 3631 3632 3634 3635 3637 3638 3640 3642 3644
3490 3496 3501 3506 3511 3515 3520 3524 3528 3532 3536 3540 3544 3547 3551 3555 3558 3561 3565 3568 3571 3576 3580 3583 3585 3588 3591 3593 3596 3598 3600 3602 3604 3605 3606 3607 3608 3609 3609 3610 3610 3610 3610 3610 3611 3611 3611 3611 3612 3612 3613 3614 3615 3616 3617 3618 3619 3620 3620 3622 3623 3624 3624 3625 3626 3627 3628 3628 3629 3630 3630 3631 3632 3633 3633 3634 3635 3637 3638 3640 3641 3643 3645 3647
3495 3500 3506 3511 3516 3520 3525 3529 3533 3537 3541 3545 3549 3553 3556 3560 3563 3566 3570 3573 3578 3581 3584 3587 3590 3593 3596 3598 3600 3602 3604 3606 3608 3609 3610 3611 3612 3612 3613 3613 3613 3613 3613 3613 3614 3614 3614 3614 3615 3615 3616 3616 3617 3618 3619 3620 3621 3622 3623 3624 3625 3626 3627 3628 3629 3630 3630 3631 3632 3632 3633 3634 3635 3635 3636 3637 3638 3640 3641 3642 3644 3646 3648 3650
3500 3505 3510 3515 3520 3525 3530 3534 3538 3542 3546 3550 3554 3558 3561 3565 3568 3574 3577 3580 3583 3586 3589 3592 3595 3598 3600 3602 3605 3607 3609 3610 3612 3613 3614 3615 3616 3616 3616 3616 3616 3616 3616 3616 3616 3616 3616 3617 3617 3618 3618 3619 3620 3620 3621 3622 3623 3624 3625 3626 3627 3628 3629 3630 3631 3632 3633 3633 3634 3635 3636 3636 3637 3638 3639 3640 3641 3642 3644 3645 3647 3648 3651 3652
3504 3510 3515 3520 3525 3530 3534 3539 3543 3547 3551 3555 3559 3562 3568 3571 3575 3578 3582 3585 3588 3591 3594 3597 3599 3602 3604 3607 3609 3611 3613 3614 3616 3617 3618 3618 3619 3619 3619 3619 3619 3619 3619 3619 3619 3619 3619 3619 3619 3620 3620 3621 3622 3623 3623 3624 3625 3626 3627 3628 3629 3631 3632 3633 3633 3634 3635 3636 3636 3637 3638 3639 3639 3640 3641 3642 3643 3645 3646 3648 3649 3651 3653 3655
3508 3514 3519 3525 3530 3534 3539 3543 3548 3552 3556 3560 3563 3569 3573 3576 3580 3583 3586 3589 3592 3595 3598 3601 3604 3606 3609 3611 3613 3615 3617 3618 3619 3620 3621 3622 3622 3622 3622 3622 3622 3622 3622 3622 3621 3621 3621 3621 3622 3622 3622 3623 3624 3625 3625 3626 3627 3628 3629 3630 3631 3632 3634 3634 3635 3636 3637 3638 3638 3639 3640 3641 3642 3643 3643 3645 3646 3647 3649 3650 3652 3653 3655 3657
3513 3518 3524 3529 3534 3539 3544 3548 3552 3556 3560 3564 3568 3574 3577 3581 3584 3587 3591 3594 3597 3600 3602 3605 3608 3610 3613 3615 3617 3619 3620 3622 3623 3624 3625 3625 3625 3625 3625 3625 3625 3625 3624 3624 3624 3624 3623 3623 3624 3624 3624 3625 3626 3626 3627 3628 3629 3630 3631 3632 3633 3634 3635 3636 3637 3638 3639 3639 3640 3641 3642 3643 3644 3645 3646 3647 3648 3649 3651 3652 3654 3656 3657 3659
3517 3522 3528 3533 3538 3543 3548 3552 3557 3561 3565 3569 3575 3578 3582 3585 3588 3592 3595 3598 3601 3604 3607 3609 3612 3614 3616 3619 3621 3622 3624 3625 3626 3627 3628 3628 3628 3628 3628 3628 3628 3627 3627 3626 3626 3626 3626 3625 3626 3626 3626 3627 3627 3628 3629 3630 3630 3631 3632 3633 3634 3635 3636 3637 3638 3639 3640 3641 3642 3643 3644 3644 3645 3646 3647 3649 3650 3651 3653 3655 3656 3658 3660 3661
3521 3526 3532 3537 3543 3547 3552 3557 3561 3565 3569 3573 3576 3582 3586 3589 3593 3596 3599 3602 3605 3608 3611 3613 3616 3618 3620 3622 3624 3626 3627 3628 3630 3630 3631 3631 3631 3631 3631 3631 3630 3630 3629 3629 3628 3628 3627 3627 3627 3628 3628 3628 3629 3630 3630 3631 3632 3633 3634 3635 3636 3637 3638 3639 3640 3641 3642 3642 3643 3644 3645 3646 3647 3648 3649 3651 3652 3653 3655 3657 3658 3660 3662 3663
3525 3530 3536 3541 3547 3552 3556 3561 3565 3569 3573 3577 3580 3587 3590 3593 3597 3600 3603 3606 3609 3612 3614 3617 3619 3622 3624 3626 3628 3629 3631 3632 3633 3633 3634 3634 3634 3634 3634 3633 3632 3632 3631 3631 3630 3630 3629 3629 3629 3629 3629 3630 3630 3631 3632 3632 3633 3634 3635 3636 3637 3638 3639 3640 3641 3642 3643 3644 3645 3646 3647 3648 3649 3650 3651 3652 3654 3655 3657 3658 3660 3662 3664 3665
3528 3534 3540 3545 3550 3555 3560 3565 3569 3573 3577 3581 3584 3588 3591 3594 3597 3601 3604 3607 3613 3615 3618 3620 3623 3625 3627 3629 3631 3632 3634 3635 3636 3636 3637 3637 3637 3636 3636 3635 3635 3634 3633 3633 3632 3632 3631 3631 3631 3631 3631 3631 3632 3632 3633 3634 3635 3635 3636 3637 3638 3639 3640 3641 3642 3643 3644 3645 3646 3647 3648 3649 3650 3651 3653 3654 3655 3657 3659 3660 3662 3664 3666 3667
3532 3538 3543 3549 3554 3559 3564 3568 3572 3576 3580 3584 3588 3591 3594 3598 3601 3604 3607 3610 3613 3615 3621 3624 3626 3628 3630 3632 3634 3635 3637 3638 3638 3639 3639 3639 3639 3639 3638 3638 3637 3636 3635 3635 3634 3633 3633 3633 3632 3632 3633 3633 3633 3634 3634 3635 3636 3637 3638 3639 3640 3641 3642 3643 3643 3644 3645 3646 3647 3648 3649 3651 3652 3653 3654 3656 3657 3659 3660 3662 3664 3666 3668 3669
3535 3541 3547 3552 3557 3562 3567 3572 3576 3580 3584 3587 3591 3594 3598 3601 3604 3607 3610 3613 3616 3618 3621 3623 3626 3628 3633 3635 3637 3638 3639 3640 3641 3641 3642 3642 3642 3641 3641 3640 3639 3638 3637 3637 3636 3635 3635 3634 3634 3634 3634 3634 3635 3635 3636 3636 3637 3638 3639 3640 3641 3642 3643 3644 3645 3646 3647 3648 3649 3650 3651 3652 3653 3654 3656 3657 3659 3660 3662 3664 3666 3668 3670 3671
3538 3544 3550 3556 3561 3566 3570 3575 3579 3583 3587 3590 3594 3597 3601 3604 3607 3610 3613 3616 3618 3621 3624 3626 3628 3630 3632 3634 3639 3641 3642 3643 3643 3644 3644 3644 3644 3643 3643 3642 3641 3640 3639 3639 3638 3637 3636 3636 3636 3636 3636 3636 3636 3637 3637 3638 3638 3639 3640 3641 3642 3643 3644 3645 3646 3647 3648 3649 3650 3651 3652 3653 3655 3656 3657 3659 3660 3662 3664 3666 3668 3670 3671 3673
3541 3547 3553 3559 3564 3569 3573 3578 3582 3586 3590 3593 3597 3600 3603 3607 3610 3613 3616 3618 3621 3624 3626 3628 3631 3633 3635 3636 3638 3640 3641 3642 3643 3646 3646 3646 3646 3645 3645 3644 3643 3642 3641 3640 3640 3639 3638 3638 3637 3637 3637 3637 3638 3638 3639 3639 3640 3641 3641 3642 3643 3644 3645 3646 3647 3648 3649 3650 3651 3653 3654 3655 3656 3658 3659 3661 3662 3664 3666 3668 3669 3671 3673 3675
3544 3550 3556 3561 3566 3571 3576 3580 3585 3589 3592 3596 3599 3603 3606 3609 3612 3615 3618 3621 3623 3626 3628 3631 3633 3635 3637 3639 3640 3642 3643 3644 3645 3645 3646 3646 3646 3647 3647 3646 3645 3644 3643 3642 3641 3641 3640 3639 3639 3639 3639 3639 3639 3640 3640 3641 3641 3642 3643 3644 3645 3646 3647 3648 3649 3650 3651 3652 3653 3654 3655 3657 3658 3659 3661 3662 3664 3666 3668 3669 3671 3673 3675 3676
3547 3553 3559 3564 3569 3574 3579 3583 3587 3591 3595 3598 3602 3605 3608 3611 3614 3617 3620 3623 3625 3628 3630 3633 3635 3637 3639 3640 3642 3643 3645 3646 3646 3647 3647 3647 3647 3647 3647 3648 3647 3646 3645 3644 3643 3642 3642 3641 3641 3641 3641 3641 3641 3641 3642 3642 3643 3644 3644 3645 3646 3647 3648 3649 3650 3651 3652 3653 3654 3656 3657 3658 3660 3661 3662 3664 3666 3668 3669 3671 3673 3675 3677 3678
3550 3555 3561 3566 3571 3576 3581 3585 3589 3593 3597 3600 3604 3607 3610 3613 3616 3619 3622 3625 3627 3630 3632 3634 3636 3638 3640 3642 3644 3645 3646 3647 3648 3649 3649 3649 3649 3649 3649 3648 3649 3648 3647 3646 3645 3644 3643 3643 3643 3642 3642 3642 3643 3643 3643 3644 3644 3645 3646 3647 3648 3649 3650 3651 3652 3653 3654 3655 3656 3657 3659 3660 3661 3663 3664 3666 3668 3669 3671 3673 3675 3677 3678 3680
3552 3558 3563 3569 3574 3578 3583 3587 3591 3595 3599 3602 3606 3609 3612 3615 3618 3621 3624 3626 3629 3631 3634 3636 3638 3640 3642 3643 3645 3646 3648 3649 3649 3650 3650 3651 3651 3650 3650 3650 3649 3649 3649 3648 3647 3646 3645 3645 3644 3644 3644 3644 3644 3645 3645 3646 3646 3647 3648 3649 3649 3650 3651 3652 3653 3655 3656 3657 3658 3659 3660 3662 3663 3665 3666 3668 3670 3671 3673 3675 3677 3678 3680 3682
3554 3560 3565 3570 3575 3580 3585 3589 3593 3597 3601 3604 3607 3611 3614 3617 3619 3622 3625 3628 3630 3633 3635 3637 3639 3641 3643 3645 3646 3648 3649 3650 3651 3651 3652 3652 3652 3652 3652 3651 3651 3650 3649 3649 3649 3648 3647 3647 3646 3646 3646 3646 3646 3646 3647 3647 3648 3649 3649 3650 3651 3652 3653 3654 3655 3656 3657 3659 3660 3661 3662 3664 3665 3667 3668 3670 3672 3673 3675 3677 3679 3680 3682 3684
3556 3562 3567 3572 3577 3582 3586 3591 3595 3598 3602 3605 3609 3612 3615 3618 3621 3623 3626 3629 3631 3634 3636 3638 3640 3642 3644 3646 3647 3649 3650 3651 3652 3652 3653 3653 3653 3653 3653 3653 3652 3652 3651 3650 3650 3650 3649 3648 3648 3648 3648 3648 3648 3648 3649 3649 3650 3651 3651 3652 3653 3654 3655 3656 3657 3658 3659 3661 3662 3663 3664 3666 3667 3669 3670 3672 3674 3676 3677 3679 3681 3682 3684 3686
3557 3563 3569 3574 3579 3583 3588 3592 3596 3600 3603 3607 3610 3613 3616 3619 3622 3624 3622 3625 3627 3629 3632 3634 3636 3638 3640 3646 3648 3649 3651 3652 3653 3653 3654 3654 3654 3654 3654 3654 3653 3653 3653 3652 3651 3651 3651 3650 3650 3650 3650 3650 3650 3650 3651 3651 3652 3653 3653 3654 3655 3656 3657 3658 3659 3660 3662 3663 3664 3665 3667 3668 3669 3671 3672 3674 3676 3678 3680 3681 3683 3685 3686 3688
3559 3565 3570 3575 3580 3584 3589 3593 3597 3601 3604 3607 3611 3614 3617 3620 3622 3625 3623 3625 3628 3630 3632 3634 3636 3638 3640 3642 3644 3650 3651 3652 3653 3654 3655 3655 3655 3655 3655 3655 3655 3654 3654 3654 3653 3653 3652 3652 3652 3652 3652 3652 3652 3652 3653 3653 3654 3655 3655 3656 3657 3658 3659 3660 3661 3663 3664 3665 3666 3667 3669 3670 3672 3673 3675 3676 3678 3680 3682 3684 3685 3687 3688 3690
3560 3566 3571 3576 3581 3585 3590 3594 3598 3601 3605 3608 3611 3614 3617 3620 3623 3625 3623 3626 3628 3630 3633 3635 3637 3639 3641 3643 3644 3646 3647 3653 3654 3655 3655 3656 3656 3656 3656 3656 3656 3656 3655 3655 3655 3654 3654 3654 3654 3654 3654 3654 3654 3654 3655 3655 3656 3657 3658 3659 3660 3661 3662 3663 3664 3665 3666 3667 3668 3670 3671 3672 3674 3675 3677 3679 3680 3682 3684 3685 3687 3689 3690 3692
3561 3567 3572 3577 3582 3586 3590 3594 3598 3602 3605 3608 3612 3615 3617 3620 3623 3626 3623 3626 3628 3630 3633 3635 3637 3639 3641 3643 3644 3646 3647 3649 3650 3655 3656 3656 3657 3657 3657 3657 3657 3657 3657 3656 3656 3656 3656 3656 3655 3655 3656 3656 3656 3656 3657 3658 3658 3659 3660 3661 3662 3663 3664 3665 3666 3667 3668 3669 3671 3672 3673 3675 3676 3678 3679 3681 3682 3684 3686 3688 3689 3691 3693 3694
3562 3568 3573 3578 3582 3587 3591 3595 3598 3602 3605 3609 3612 3615 3617 3620 3623 3625 3623 3626 3628 3630 3633 3635 3637 3639 3641 3643 3644 3646 3648 3649 3650 3651 3653 3657 3657 3658 3658 3658 3658 3658 3658 3658 3658 3657 3657 3657 3657 3657 3657 3658 3658 3659 3659 3660 3660 3661 3662 3663 3664 3665 3666 3667 3668 3669 3671 3672 3673 3674 3676 3677 3678 3680 3681 3683 3685 3686 3688 3690 3691 3693 3695 3696
3563 3568 3573 3578 3583 3587 3591 3595 3599 3602 3605 3609 3612 3614 3617 3620 3623 3625 3623 3626 3628 3630 3633 3635 3637 3639 3641 3643 3644 3646 3648 3649 3650 3652 3653 3654 3658 3658 3659 3659 3659 3659 3659 3659 3659 3659 3659 3659 3659 3659 3659 3660 3660 3661 3661 3662 3663 3663 3664 3665 3666 3667 3668 3670 3671 3672 3673 3674 3675 3677 3678 3679 3681 3682 3684 3685 3687 3689 3690 3692 3694 3695 3697 3698
3564 3569 3574 3579 3583 3587 3591 3595 3599 3602 3605 3608 3611 3614 3617 3620 3622 3621 3623 3625 3628 3630 3632 3634 3636 3639 3640 3642 3644 3646 3648 3649 3651 3652 3653 3654 3655 3659 3659 3660 3660 3660 3660 3660 3660 3660 3660 3661 3661 3661 3661 3662 3662 3663 3663 3664 3665 3666 3667 3668 3669 3670 3671 3672 3673 3674 3675 3676 3678 3679 3680 3682 3683 3685 3686 3688 3689 3691 3693 3694 3696 3697 3699 3700
3565 3570 3574 3579 3583 3587 3591 3595 3598 3602 3605 3608 3611 3614 3616 3619 3622 3620 3623 3625 3627 3630 3632 3634 3636 3638 3640 3642 3644 3646 3647 3649 3651 3652 3653 3655 3656 3659 3660 3660 3661 3661 3661 3661 3662 3662 3662 3662 3662 3663 3663 3664 3664 3665 3665 3666 3667 3668 3669 3670 3671 3672 3673 3674 3675 3677 3678 3679 3680 3681 3683 3684 3686 3687 3689 3690 3692 3693 3695 3697 3698 3700 3701 3703
3564 3570 3575 3579 3583 3587 3591 3595 3598 3601 3605 3607 3610 3613 3616 3618 3621 3620 3622 3625 3627 3629 3631 3634 3636 3638 3640 3642 3644 3645 3647 3649 3650 3652 3653 3655 3656 3657 3660 3661 3661 3662 3662 3662 3663 3663 3663 3664 3664 3664 3665 3665 3666 3667 3667 3668 3669 3670 3671 3672 3673 3674 3675 3677 3678 3679 3680 3681 3682 3684 3685 3686 3688 3689 3691 3692 3694 3696 3697 3699 3700 3702 3703 3705
3564 3570 3575 3579 3583 3587 3591 3594 3598 3601 3604 3607 3610 3612 3615 3618 3620 3620 3622 3624 3626 3629 3631 3633 3635 3637 3639 3641 3643 3645 3647 3649 3650 3652 3653 3655 3656 3657 3660 3661 3662 3662 3663 3663 3664 3664 3665 3665 3666 3666 3667 3667 3668 3669 3669 3670 3671 3672 3673 3674 3675 3677 3678 3679 3680 3681 3682 3684 3685 3686 3687 3689 3690 3692 3693 3695 3696 3698 3699 3701 3702 3704 3705 3706
3565 3571 3575 3579 3583 3587 3591 3594 3597 3601 3603 3606 3609 3612 3614 3617 3617 3619 3621 3624 3626 3628 3630 3633 3635 3637 3639 3641 3643 3645 3647 3648 3650 3652 3653 3655 3656 3658 3659 3662 3662 3663 3664 3664 3665 3665 3666 3666 3667 3668 3668 3669 3670 3670 3671 3672 3673 3674 3675 3676 3678 3679 3680 3681 3682 3683 3685 3686 3687 3688 3690 3691 3692 3694 3695 3697 3698 3700 3701 3703 3704 3706 3707 3708
