input/I57/I57_025yr24ha.asc
ncols        301
nrows        195
xllcorner    -92.313182000000
yllcorner    35.829066000000
cellsize     0.008333000000
NODATA_value -9
[rows 0 to 37 of 195, columns 84 to 167 of 301]
5665 5674 5684 5693 5702 5711 5719 5727 5736 5744 5753 5761 5769 5778 5786 5794 5803 5811 5819 5828 5836 5844 5853 5861 5869 5877 5885 5892 5900 5907 5914 5921 5928 5934 5940 5945 5951 5955 5960 5964 5968 5971 5975 5978 5981 5984 5987 5990 5993 5996 6000 6003 6006 6010 6013 6017 6020 6023 6027 6030 6033 6036 6040 6043 6046 6049 6052 6054 6057 6057 6060 6062 6065 6067 6070 6073 6076 6079 6083 6085 6089 6094 6099 6103
5674 5683 5693 5702 5711 5720 5729 5738 5747 5755 5764 5772 5780 5789 5797 5805 5814 5822 5830 5838 5847 5855 5863 5871 5879 5887 5895 5902 5910 5917 5924 5930 5937 5943 5949 5954 5959 5963 5968 5972 5975 5979 5982 5985 5988 5991 5994 5997 6000 6003 6007 6010 6013 6017 6020 6023 6027 6030 6034 6037 6040 6044 6047 6050 6053 6056 6059 6061 6064 6064 6067 6069 6072 6074 6077 6080 6083 6086 6087 6091 6096 6101 6105 6110
5682 5692 5702 5712 5721 5731 5740 5749 5757 5766 5774 5783 5791 5800 5808 5816 5824 5832 5841 5849 5857 5865 5873 5881 5889 5897 5904 5912 5919 5926 5933 5939 5946 5952 5957 5962 5967 5971 5975 5979 5983 5986 5989 5992 5995 5998 6001 6004 6007 6010 6013 6016 6020 6023 6027 6030 6034 6037 6040 6044 6047 6050 6054 6057 6060 6063 6065 6068 6069 6071 6073 6076 6078 6081 6084 6086 6089 6093 6094 6098 6103 6107 6112 6117
5691 5701 5711 5721 5731 5741 5750 5759 5768 5777 5785 5794 5802 5810 5818 5827 5835 5843 5851 5859 5867 5875 5883 5891 5899 5907 5914 5921 5928 5935 5942 5948 5954 5960 5965 5970 5975 5979 5983 5986 5990 5993 5996 5998 6001 6004 6007 6010 6013 6016 6019 6023 6026 6030 6033 6036 6040 6043 6047 6050 6054 6057 6060 6063 6066 6069 6072 6075 6075 6078 6080 6082 6085 6087 6090 6093 6096 6100 6103 6105 6110 6114 6119 6124
5700 5710 5721 5731 5742 5751 5761 5770 5778 5787 5796 5804 5812 5821 5829 5837 5845 5853 5861 5869 5877 5885 5893 5901 5909 5916 5923 5931 5937 5944 5951 5957 5963 5968 5973 5978 5982 5986 5990 5993 5996 5999 6002 6005 6008 6010 6013 6016 6019 6022 6025 6029 6032 6035 6039 6042 6046 6049 6053 6056 6060 6063 6066 6069 6072 6075 6078 6081 6082 6084 6086 6089 6091 6094 6097 6099 6103 6106 6110 6112 6117 6121 6126 6131
5709 5719 5730 5740 5752 5761 5771 5780 5789 5797 5806 5814 5823 5831 5839 5847 5855 5863 5871 5879 5887 5895 5903 5910 5918 5925 5932 5939 5946 5953 5959 5965 5971 5976 5981 5985 5989 5993 5997 6000 6003 6006 6008 6011 6013 6016 6019 6022 6025 6028 6031 6034 6038 6041 6045 6048 6052 6055 6059 6062 6066 6069 6072 6075 6078 6081 6084 6087 6087 6090 6092 6095 6097 6100 6103 6106 6109 6112 6116 6120 6123 6128 6133 6138
5717 5728 5741 5751 5761 5771 5780 5790 5798 5807 5816 5824 5832 5841 5849 5857 5865 5873 5881 5889 5896 5904 5912 5922 5929 5937 5944 5951 5957 5964 5970 5976 5981 5986 5990 5995 5998 6002 6004 6007 6010 6012 6014 6016 6018 6022 6024 6027 6030 6033 6036 6040 6043 6046 6050 6053 6057 6060 6064 6067 6071 6074 6078 6081 6084 6087 6089 6092 6093 6096 6098 6101 6103 6106 6109 6112 6115 6118 6122 6126 6131 6134 6139 6144
5726 5739 5750 5761 5771 5781 5790 5799 5808 5817 5826 5834 5842 5850 5858 5866 5874 5882 5890 5898 5905 5916 5924 5931 5938 5945 5952 5959 5966 5972 5978 5983 5988 5993 5997 6001 6005 6008 6011 6013 6015 6017 6019 6021 6023 6025 6028 6030 6033 6036 6041 6045 6048 6051 6055 6058 6062 6065 6067 6072 6076 6079 6083 6086 6089 6092 6095 6097 6098 6101 6103 6106 6109 6111 6114 6117 6121 6124 6128 6132 6137 6141 6145 6150
5737 5748 5759 5770 5780 5790 5799 5809 5818 5826 5835 5843 5852 5860 5868 5876 5884 5891 5899 5907 5917 5925 5932 5940 5947 5954 5961 5967 5973 5980 5985 5991 5996 6000 6004 6008 6011 6014 6016 6019 6021 6022 6024 6026 6028 6030 6032 6034 6037 6040 6043 6046 6050 6053 6057 6060 6064 6067 6071 6075 6078 6084 6087 6090 6093 6096 6099 6100 6103 6106 6108 6111 6114 6117 6119 6123 6126 6130 6133 6138 6142 6146 6151 6156
5745 5757 5768 5779 5789 5799 5809 5818 5827 5836 5844 5853 5861 5869 5877 5885 5893 5904 5911 5919 5926 5934 5941 5948 5955 5962 5969 5975 5981 5987 5993 5998 6003 6007 6011 6014 6017 6020 6022 6024 6026 6028 6029 6031 6033 6034 6036 6039 6041 6044 6047 6050 6054 6057 6061 6064 6068 6071 6075 6079 6082 6086 6091 6095 6098 6101 6104 6105 6108 6110 6113 6116 6119 6121 6124 6128 6131 6135 6139 6143 6147 6152 6157 6161
5754 5765 5777 5787 5798 5808 5818 5827 5836 5845 5853 5862 5870 5878 5889 5897 5905 5912 5920 5927 5935 5942 5949 5956 5963 5970 5977 5983 5989 5995 6000 6005 6009 6013 6017 6020 6023 6026 6028 6029 6031 6033 6034 6035 6037 6039 6041 6043 6045 6048 6051 6054 6057 6061 6064 6068 6072 6075 6079 6083 6086 6092 6095 6099 6102 6105 6108 6109 6112 6115 6117 6120 6123 6126 6129 6132 6136 6140 6144 6148 6152 6157 6161 6167
5762 5774 5785 5796 5807 5817 5827 5836 5845 5854 5862 5871 5879 5890 5898 5906 5913 5921 5928 5936 5943 5950 5958 5964 5971 5978 5984 5990 5996 6002 6007 6012 6016 6020 6023 6026 6029 6031 6033 6035 6036 6037 6039 6040 6041 6043 6045 6047 6049 6052 6055 6058 6061 6065 6068 6071 6075 6079 6082 6086 6090 6093 6099 6102 6105 6108 6111 6113 6116 6119 6121 6124 6127 6130 6133 6137 6140 6144 6148 6152 6157 6161 6166 6170
5770 5782 5793 5805 5815 5825 5835 5845 5854 5862 5871 5879 5887 5899 5906 5914 5922 5929 5937 5944 5951 5959 5966 5972 5979 5986 5992 5998 6004 6009 6014 6019 6023 6026 6030 6033 6035 6037 6039 6040 6041 6042 6043 6045 6046 6047 6049 6051 6053 6056 6058 6061 6065 6068 6071 6075 6078 6082 6086 6090 6093 6097 6100 6106 6109 6110 6113 6117 6119 6122 6125 6128 6131 6134 6137 6141 6145 6148 6152 6157 6161 6166 6170 6175
5778 5790 5802 5813 5824 5834 5844 5853 5862 5871 5879 5888 5899 5907 5915 5923 5930 5938 5945 5952 5959 5967 5973 5980 5987 5993 5999 6005 6011 6016 6021 6025 6029 6033 6036 6039 6041 6043 6044 6045 6046 6047 6048 6049 6050 6051 6053 6055 6057 6059 6062 6065 6068 6071 6075 6078 6082 6085 6089 6093 6096 6100 6104 6107 6110 6114 6117 6120 6123 6126 6129 6132 6135 6138 6141 6145 6149 6153 6157 6161 6166 6170 6175 6179
5786 5798 5810 5821 5832 5842 5852 5861 5870 5879 5888 5896 5904 5915 5923 5931 5938 5946 5953 5960 5967 5974 5981 5988 5994 6001 6007 6012 6018 6023 6028 6032 6036 6039 6042 6044 6046 6048 6049 6050 6051 6052 6053 6054 6054 6056 6057 6059 6061 6063 6066 6068 6072 6075 6078 6081 6085 6088 6092 6096 6100 6103 6107 6110 6114 6117 6120 6123 6126 6129 6132 6135 6139 6142 6145 6149 6153 6157 6161 6165 6170 6174 6179 6183
5793 5805 5817 5829 5839 5850 5860 5869 5878 5887 5895 5904 5911 5923 5931 5939 5946 5954 5961 5968 5975 5982 5989 5995 6002 6008 6014 6019 6025 6030 6034 6038 6042 6045 6048 6050 6052 6054 6055 6056 6056 6057 6057 6058 6059 6060 6061 6063 6065 6067 6069 6072 6075 6078 6081 6085 6088 6092 6095 6099 6103 6106 6110 6113 6117 6120 6123 6127 6130 6133 6136 6139 6142 6146 6149 6153 6157 6161 6165 6169 6174 6178 6183 6188
5800 5813 5825 5836 5847 5857 5867 5877 5886 5894 5903 5911 5919 5927 5934 5942 5949 5956 5963 5970 5982 5989 5996 6002 6009 6015 6021 6026 6031 6036 6041 6045 6048 6051 6054 6056 6058 6059 6060 6061 6061 6062 6062 6063 6063 6064 6065 6067 6069 6071 6073 6076 6079 6082 6085 6088 6091 6095 6099 6102 6106 6110 6113 6117 6120 6123 6127 6130 6133 6136 6139 6143 6146 6149 6153 6157 6160 6165 6169 6173 6178 6183 6187 6192
5807 5820 5832 5843 5854 5864 5874 5884 5893 5902 5910 5918 5926 5934 5941 5948 5956 5963 5970 5977 5984 5991 6003 6009 6015 6021 6027 6033 6038 6043 6047 6051 6054 6057 6060 6062 6063 6065 6065 6066 6066 6067 6067 6067 6068 6069 6070 6071 6073 6075 6077 6080 6082 6085 6088 6092 6095 6098 6102 6106 6109 6113 6116 6120 6123 6127 6130 6133 6137 6140 6143 6146 6150 6153 6157 6161 6165 6169 6173 6177 6182 6187 6191 6196
5814 5826 5838 5850 5861 5871 5881 5890 5900 5908 5917 5925 5932 5940 5948 5955 5962 5969 5976 5983 5990 5997 6003 6010 6016 6022 6034 6039 6044 6049 6053 6057 6060 6063 6065 6067 6069 6070 6071 6071 6071 6072 6072 6072 6073 6073 6074 6075 6077 6079 6081 6084 6086 6089 6092 6095 6099 6102 6106 6109 6113 6116 6120 6124 6127 6130 6134 6137 6140 6144 6147 6150 6154 6157 6161 6165 6169 6173 6177 6182 6186 6191 6196 6200
5820 5833 5845 5856 5867 5877 5887 5897 5906 5914 5923 5931 5939 5946 5954 5961 5968 5975 5982 5989 5996 6002 6009 6015 6022 6028 6033 6039 6050 6054 6059 6062 6066 6069 6071 6073 6074 6075 6076 6076 6077 6077 6077 6077 6077 6078 6079 6080 6081 6083 6085 6088 6091 6093 6096 6099 6103 6106 6110 6113 6117 6120 6124 6127 6131 6134 6138 6141 6144 6148 6151 6154 6158 6162 6165 6169 6173 6177 6182 6186 6191 6196 6200 6205
5826 5838 5850 5862 5873 5883 5893 5903 5912 5920 5929 5937 5944 5952 5959 5966 5974 5981 5988 5994 6001 6008 6014 6021 6027 6033 6038 6044 6049 6054 6058 6062 6066 6074 6076 6078 6079 6080 6081 6081 6082 6082 6082 6082 6082 6083 6084 6085 6086 6088 6090 6092 6095 6098 6101 6104 6107 6110 6114 6117 6121 6125 6128 6132 6135 6139 6142 6145 6149 6152 6155 6159 6163 6166 6170 6174 6178 6182 6187 6191 6196 6201 6205 6210
5831 5844 5856 5867 5878 5889 5899 5908 5917 5926 5934 5942 5950 5957 5964 5972 5979 5986 5993 5999 6006 6013 6019 6025 6032 6037 6043 6049 6054 6059 6063 6067 6071 6074 6077 6079 6081 6085 6086 6086 6087 6087 6087 6087 6087 6088 6089 6090 6091 6093 6095 6097 6100 6103 6105 6108 6112 6115 6118 6122 6126 6129 6133 6136 6140 6143 6147 6150 6153 6157 6160 6164 6167 6171 6175 6179 6183 6187 6192 6196 6201 6206 6210 6214
5836 5849 5861 5872 5883 5894 5903 5913 5922 5930 5939 5947 5954 5962 5969 5976 5983 5990 5997 6004 6011 6017 6024 6030 6036 6042 6047 6053 6058 6063 6067 6071 6075 6078 6081 6084 6086 6087 6089 6092 6092 6092 6092 6092 6092 6093 6094 6095 6096 6098 6100 6102 6105 6108 6111 6113 6117 6120 6123 6127 6131 6134 6138 6141 6145 6148 6152 6155 6159 6162 6165 6169 6173 6176 6180 6184 6189 6193 6197 6202 6206 6211 6216 6220
5841 5854 5866 5877 5888 5898 5908 5917 5926 5935 5943 5951 5959 5966 5973 5981 5988 5995 6001 6008 6015 6021 6028 6034 6040 6046 6051 6057 6062 6067 6071 6075 6079 6082 6085 6088 6090 6092 6093 6094 6097 6097 6097 6097 6098 6098 6099 6100 6102 6104 6106 6108 6110 6113 6116 6119 6122 6125 6129 6132 6136 6140 6143 6147 6150 6154 6157 6161 6164 6168 6171 6175 6178 6182 6186 6190 6194 6199 6203 6208 6212 6217 6221 6225
5845 5858 5870 5881 5892 5902 5912 5921 5930 5939 5947 5955 5962 5970 5977 5984 5991 5998 6005 6012 6018 6025 6031 6037 6043 6049 6055 6060 6066 6070 6075 6079 6083 6086 6089 6092 6094 6096 6098 6099 6100 6102 6102 6103 6103 6104 6105 6106 6107 6109 6111 6114 6116 6119 6122 6125 6128 6131 6135 6138 6142 6145 6149 6153 6156 6160 6163 6167 6170 6174 6177 6181 6185 6188 6192 6196 6201 6205 6209 6214 6219 6223 6227 6232
5849 5862 5873 5885 5896 5906 5916 5925 5934 5942 5950 5958 5966 5973 5980 5987 5994 6001 6008 6015 6021 6028 6034 6040 6046 6052 6058 6064 6069 6074 6078 6083 6086 6090 6093 6096 6098 6100 6102 6103 6105 6106 6107 6108 6109 6109 6110 6112 6113 6115 6117 6120 6122 6125 6128 6131 6134 6137 6141 6144 6148 6152 6155 6159 6162 6166 6169 6173 6176 6180 6184 6187 6191 6195 6199 6203 6207 6211 6216 6220 6225 6229 6234 6238
5853 5865 5877 5888 5899 5909 5919 5928 5937 5945 5953 5961 5969 5976 5983 5990 5997 6004 6011 6017 6024 6030 6037 6043 6049 6055 6061 6066 6072 6077 6081 6086 6090 6093 6096 6099 6102 6104 6106 6108 6109 6111 6112 6113 6114 6115 6116 6118 6119 6121 6123 6126 6128 6131 6134 6137 6140 6144 6147 6151 6155 6158 6162 6165 6169 6173 6176 6180 6183 6187 6191 6194 6198 6202 6206 6210 6214 6218 6223 6227 6232 6236 6241 6245
5856 5868 5880 5891 5901 5911 5921 5930 5939 5947 5955 5963 5971 5978 5985 5992 5999 6006 6004 6010 6017 6023 6029 6036 6042 6048 6054 6069 6074 6079 6084 6088 6092 6096 6100 6103 6106 6108 6110 6112 6114 6115 6117 6118 6120 6121 6122 6124 6125 6127 6130 6132 6135 6138 6141 6144 6147 6151 6154 6158 6161 6165 6169 6173 6176 6180 6183 6187 6190 6194 6198 6202 6205 6209 6213 6217 6221 6226 6230 6235 6239 6243 6248 6252
5858 5870 5882 5893 5903 5913 5923 5932 5941 5949 5957 5965 5972 5980 5987 5994 6001 6008 6005 6012 6018 6025 6031 6037 6043 6049 6055 6061 6067 6081 6086 6091 6095 6099 6103 6106 6109 6112 6114 6116 6118 6120 6122 6123 6125 6127 6128 6130 6132 6134 6136 6139 6142 6145 6148 6151 6154 6158 6161 6165 6169 6173 6176 6180 6184 6187 6191 6194 6198 6202 6205 6209 6213 6217 6221 6225 6229 6233 6238 6242 6246 6251 6255 6259
5861 5872 5884 5895 5905 5915 5925 5934 5942 5951 5958 5966 5974 5981 5988 5995 6002 6009 6006 6013 6019 6026 6032 6038 6045 6051 6057 6062 6068 6074 6079 6093 6097 6101 6105 6109 6112 6115 6118 6120 6122 6124 6126 6128 6130 6132 6134 6136 6139 6141 6144 6146 6149 6152 6155 6158 6162 6165 6169 6173 6176 6180 6184 6188 6191 6195 6199 6202 6206 6210 6214 6217 6221 6225 6229 6233 6237 6241 6246 6250 6254 6258 6262 6267
5862 5874 5885 5896 5906 5916 5926 5935 5943 5951 5959 5967 5974 5981 5989 5995 6002 6009 6007 6013 6020 6026 6033 6039 6045 6052 6058 6064 6069 6075 6081 6086 6091 6103 6107 6111 6115 6118 6121 6124 6126 6129 6131 6133 6135 6138 6140 6142 6145 6147 6150 6153 6156 6159 6163 6166 6169 6173 6177 6181 6184 6188 6192 6196 6199 6203 6207 6210 6214 6218 6221 6225 6229 6233 6237 6241 6245 6249 6253 6257 6262 6266 6270 6274
5864 5875 5886 5897 5907 5917 5926 5935 5944 5952 5960 5967 5974 5982 5989 5996 6002 6009 6007 6014 6020 6027 6033 6040 6046 6052 6058 6064 6070 6076 6082 6087 6093 6098 6102 6114 6118 6121 6124 6128 6130 6133 6136 6138 6141 6143 6146 6148 6151 6154 6157 6160 6163 6167 6170 6173 6177 6181 6185 6188 6192 6196 6200 6204 6207 6211 6215 6218 6222 6226 6230 6233 6237 6241 6245 6249 6253 6257 6261 6265 6270 6274 6278 6282
5865 5876 5887 5898 5908 5917 5926 5935 5944 5952 5959 5967 5974 5981 5988 5995 6002 6009 6007 6014 6021 6027 6033 6040 6046 6053 6059 6065 6071 6077 6083 6088 6094 6099 6104 6109 6120 6124 6128 6131 6134 6137 6140 6143 6146 6149 6152 6154 6157 6161 6164 6167 6170 6174 6177 6181 6185 6189 6193 6196 6200 6204 6208 6212 6216 6219 6223 6227 6230 6234 6238 6242 6246 6249 6253 6257 6261 6265 6270 6274 6278 6282 6286 6290
5866 5877 5888 5898 5908 5917 5926 5935 5943 5951 5959 5966 5974 5981 5988 5995 6001 6001 6007 6014 6021 6027 6034 6040 6046 6053 6059 6065 6072 6078 6084 6090 6095 6101 6106 6111 6117 6127 6131 6134 6138 6141 6145 6148 6151 6154 6157 6160 6164 6167 6171 6174 6178 6181 6185 6189 6193 6197 6201 6205 6209 6213 6216 6220 6224 6228 6232 6235 6239 6243 6246 6250 6254 6258 6262 6266 6270 6274 6278 6282 6286 6290 6294 6298
5867 5878 5888 5898 5908 5917 5926 5935 5943 5951 5958 5966 5973 5980 5987 5994 6001 6001 6007 6014 6020 6027 6033 6040 6046 6053 6059 6066 6072 6078 6084 6091 6097 6102 6108 6114 6119 6129 6133 6138 6142 6145 6149 6153 6156 6159 6163 6166 6170 6174 6177 6181 6185 6189 6192 6196 6200 6205 6209 6213 6217 6221 6225 6229 6233 6236 6240 6244 6247 6251 6255 6259 6263 6266 6270 6274 6278 6282 6286 6290 6294 6298 6302 6306
5865 5878 5888 5898 5908 5917 5926 5934 5942 5950 5957 5965 5972 5979 5986 5993 5999 6000 6007 6013 6020 6027 6033 6040 6046 6053 6059 6066 6072 6079 6085 6091 6098 6104 6110 6116 6121 6127 6136 6141 6145 6149 6153 6157 6161 6165 6168 6172 6176 6180 6184 6188 6192 6196 6200 6204 6208 6212 6217 6221 6225 6229 6233 6237 6241 6245 6248 6252 6256 6260 6263 6267 6271 6275 6279 6283 6286 6290 6294 6298 6302 6306 6310 6313
5867 5879 5889 5898 5908 5917 5925 5933 5941 5949 5956 5964 5971 5978 5985 5991 5998 6000 6006 6013 6020 6026 6033 6039 6046 6053 6059 6066 6073 6079 6086 6092 6099 6105 6111 6117 6123 6129 6139 6144 6148 6153 6157 6162 6166 6170 6174 6178 6182 6186 6191 6195 6199 6203 6207 6212 6216 6220 6225 6229 6233 6237 6241 6245 6249 6253 6257 6260 6264 6268 6272 6275 6279 6283 6287 6291 6295 6298 6302 6306 6310 6314 6317 6321
5868 5879 5889 5899 5908 5916 5925 5933 5941 5948 5955 5963 5970 5976 5983 5990 5993 5999 6006 6013 6019 6026 6033 6039 6046 6053 6059 6066 6073 6080 6086 6093 6100 6106 6113 6119 6125 6132 6138 6146 6152 6156 6161 6166 6170 6175 6179 6184 6188 6192 6197 6201 6206 6210 6215 6219 6223 6228 6232 6237 6241 6245 6249 6253 6257 6261 6265 6268 6272 6276 6279 6283 6287 6291 6295 6298 6302 6306 6310 6314 6317 6321 6325 6328
