input/I57/I57_050yr24ha.asc
ncols        301
nrows        195
xllcorner    -92.313182000000
yllcorner    35.829066000000
cellsize     0.008333000000
NODATA_value -9
[rows 152 to 189 of 195, columns 0 to 83 of 301]
-9 7320 7322 7324 7326 7328 7331 7333 7336 7339 7342 7345 7349 7353 7357 7362 7366 7371 7375 7380 7393 7398 7402 7407 7412 7416 7421 7426 7431 7436 7441 7446 7450 7455 7459 7466 7470 7473 7476 7479 7482 7485 7488 7491 7494 7496 7499 7502 7504 7506 7508 7510 7511 7512 7513 7513 7512 7511 7510 7509 7507 7505 7502 7500 7497 7495 7492 7489 7487 7484 7482 7479 7477 7474 7471 7469 7466 7463 7460 7458 7455 7452 7449 7446
-9 7335 7337 7339 7342 7344 7346 7348 7351 7354 7357 7360 7364 7368 7372 7376 7380 7385 7389 7393 7398 7411 7415 7419 7424 7428 7433 7437 7442 7446 7450 7455 7459 7463 7466 7470 7477 7480 7483 7485 7488 7490 7493 7495 7498 7500 7503 7505 7507 7509 7511 7512 7513 7513 7514 7513 7513 7512 7510 7509 7507 7504 7502 7499 7497 7494 7491 7488 7486 7483 7481 7478 7475 7473 7470 7468 7465 7462 7459 7457 7454 7451 7448 7445
-9 7351 7353 7355 7357 7359 7362 7364 7367 7369 7373 7376 7380 7383 7387 7391 7395 7399 7404 7408 7412 7425 7429 7432 7436 7440 7444 7448 7452 7456 7460 7464 7468 7471 7474 7477 7485 7487 7489 7492 7494 7496 7498 7500 7502 7504 7506 7508 7510 7511 7513 7514 7514 7515 7515 7514 7513 7512 7510 7508 7506 7504 7501 7498 7495 7493 7490 7487 7484 7482 7479 7477 7474 7471 7469 7466 7463 7461 7458 7455 7452 7449 7447 7444
-9 7367 7369 7371 7373 7375 7378 7380 7383 7386 7389 7392 7396 7399 7403 7407 7411 7415 7419 7422 7426 7439 7442 7446 7449 7453 7456 7460 7464 7467 7471 7474 7477 7480 7483 7485 7493 7495 7497 7498 7500 7502 7503 7505 7507 7508 7510 7511 7513 7514 7515 7516 7516 7516 7515 7515 7513 7512 7510 7508 7505 7503 7500 7497 7494 7491 7488 7485 7483 7480 7477 7475 7472 7470 7467 7464 7461 7459 7456 7453 7450 7447 7445 7442
-9 7383 7385 7388 7390 7392 7394 7397 7399 7402 7405 7409 7412 7416 7419 7423 7427 7431 7434 7438 7441 7444 7457 7460 7463 7466 7469 7472 7475 7479 7481 7484 7487 7489 7491 7493 7495 7503 7504 7505 7507 7508 7509 7510 7512 7513 7514 7515 7516 7517 7517 7518 7518 7517 7516 7515 7514 7512 7510 7507 7505 7502 7499 7496 7493 7490 7487 7484 7481 7478 7475 7473 7470 7467 7465 7462 7459 7456 7453 7451 7448 7445 7442 7439
-9 7400 7402 7404 7407 7409 7411 7414 7417 7419 7423 7426 7429 7433 7436 7440 7443 7447 7450 7453 7456 7459 7472 7474 7477 7480 7482 7485 7488 7490 7493 7495 7497 7499 7501 7502 7504 7511 7512 7513 7514 7515 7515 7516 7517 7518 7518 7519 7520 7520 7520 7520 7519 7519 7517 7516 7514 7512 7509 7507 7504 7501 7497 7494 7491 7488 7485 7482 7479 7476 7473 7470 7467 7465 7462 7459 7456 7453 7451 7448 7445 7442 7439 7436
-9 7417 7420 7422 7424 7426 7429 7431 7434 7437 7440 7444 7447 7450 7454 7457 7461 7464 7467 7470 7473 7475 7478 7489 7492 7494 7496 7498 7501 7503 7505 7506 7508 7509 7510 7511 7512 7513 7520 7521 7521 7522 7522 7522 7522 7523 7523 7523 7523 7523 7523 7522 7521 7520 7518 7517 7514 7512 7509 7506 7503 7499 7496 7493 7489 7486 7482 7479 7476 7473 7470 7467 7465 7462 7459 7456 7453 7450 7447 7444 7441 7438 7435 7432
-9 7435 7437 7440 7439 7441 7442 7445 7447 7449 7459 7462 7465 7469 7472 7475 7478 7481 7484 7487 7489 7492 7494 7505 7507 7509 7511 7512 7514 7516 7517 7518 7519 7520 7521 7521 7522 7522 7529 7529 7529 7529 7529 7529 7529 7528 7528 7528 7527 7527 7526 7525 7523 7522 7520 7517 7515 7512 7509 7505 7502 7498 7495 7491 7487 7484 7480 7477 7473 7470 7467 7464 7461 7459 7456 7453 7450 7447 7443 7440 7437 7434 7431 7428
-9 7453 7454 7455 7457 7459 7461 7463 7466 7468 7471 7473 7484 7488 7491 7494 7497 7500 7502 7505 7507 7509 7510 7521 7523 7524 7526 7527 7528 7529 7530 7531 7531 7532 7532 7532 7532 7532 7539 7538 7538 7537 7536 7536 7535 7534 7534 7533 7532 7531 7529 7528 7526 7524 7521 7518 7515 7512 7508 7505 7501 7497 7493 7489 7485 7481 7478 7474 7471 7467 7464 7461 7458 7455 7452 7449 7446 7443 7439 7436 7433 7430 7427 7424
-9 7470 7472 7474 7476 7478 7481 7483 7485 7488 7490 7493 7496 7499 7510 7513 7516 7519 7521 7523 7525 7526 7528 7538 7539 7540 7541 7542 7543 7544 7544 7544 7544 7544 7544 7543 7543 7550 7549 7548 7547 7546 7544 7543 7542 7541 7540 7538 7537 7535 7533 7531 7529 7526 7523 7519 7516 7512 7508 7504 7500 7496 7491 7487 7483 7479 7475 7471 7468 7464 7461 7458 7454 7451 7448 7445 7442 7438 7435 7432 7429 7426 7423 7419
-9 7490 7492 7494 7496 7498 7501 7503 7506 7508 7511 7514 7516 7519 7522 7534 7536 7538 7541 7542 7544 7545 7546 7556 7557 7557 7558 7558 7559 7559 7559 7558 7558 7557 7556 7555 7554 7561 7560 7558 7557 7555 7553 7552 7550 7548 7546 7544 7542 7540 7537 7535 7532 7528 7525 7521 7517 7513 7508 7504 7499 7495 7490 7485 7481 7477 7472 7468 7465 7461 7457 7454 7451 7447 7444 7441 7437 7434 7431 7427 7424 7421 7418 7414
-9 7509 7512 7514 7516 7519 7521 7524 7527 7529 7532 7535 7538 7540 7543 7555 7557 7559 7561 7562 7563 7564 7565 7575 7575 7575 7575 7575 7575 7575 7574 7573 7572 7571 7570 7568 7566 7573 7571 7569 7567 7565 7563 7560 7558 7556 7553 7551 7548 7545 7542 7539 7535 7531 7527 7523 7518 7513 7509 7504 7499 7494 7489 7484 7479 7474 7470 7466 7462 7458 7454 7450 7447 7443 7440 7436 7433 7429 7426 7423 7419 7416 7413 7409
-9 7530 7532 7535 7538 7540 7543 7546 7548 7551 7554 7557 7560 7562 7565 7567 7579 7580 7582 7583 7584 7585 7585 7594 7594 7594 7593 7593 7592 7591 7590 7589 7588 7586 7584 7582 7580 7586 7584 7581 7578 7576 7573 7570 7567 7564 7561 7558 7555 7551 7547 7543 7539 7534 7530 7525 7520 7514 7509 7504 7498 7493 7487 7482 7477 7472 7467 7463 7459 7454 7450 7447 7443 7439 7436 7432 7428 7425 7421 7418 7414 7411 7407 7404
-9 7549 7552 7554 7556 7558 7560 7563 7565 7574 7577 7580 7583 7585 7588 7590 7591 7603 7604 7605 7605 7606 7606 7614 7614 7613 7612 7611 7610 7609 7607 7606 7604 7601 7599 7597 7594 7600 7597 7594 7590 7587 7584 7580 7577 7573 7569 7566 7562 7557 7553 7548 7543 7538 7533 7527 7522 7516 7510 7504 7498 7492 7487 7481 7475 7470 7465 7460 7456 7451 7447 7443 7439 7435 7431 7428 7424 7420 7417 7413 7409 7406 7402 7399
-9 7571 7574 7576 7579 7581 7583 7586 7588 7591 7593 7596 7607 7609 7611 7613 7615 7616 7627 7628 7628 7628 7627 7627 7634 7633 7632 7631 7629 7628 7626 7623 7621 7618 7615 7612 7609 7605 7610 7607 7603 7599 7595 7591 7587 7583 7578 7574 7569 7564 7559 7554 7548 7542 7537 7530 7524 7518 7511 7505 7499 7492 7486 7480 7474 7468 7463 7458 7453 7448 7444 7439 7435 7431 7427 7423 7419 7416 7412 7408 7404 7400 7397 7393
-9 7592 7595 7599 7602 7605 7603 7610 7613 7615 7618 7620 7623 7625 7626 7638 7639 7641 7641 7642 7651 7651 7650 7649 7647 7655 7653 7651 7649 7647 7644 7642 7639 7635 7632 7628 7625 7621 7617 7613 7616 7612 7607 7603 7598 7593 7588 7583 7578 7572 7566 7560 7554 7547 7541 7534 7527 7520 7513 7506 7499 7492 7486 7479 7473 7466 7461 7455 7450 7445 7440 7436 7432 7427 7423 7419 7415 7411 7407 7403 7399 7395 7391 7388
-9 7616 7618 7621 7623 7626 7628 7630 7632 7634 7636 7638 7649 7651 7652 7654 7655 7666 7667 7667 7666 7666 7673 7672 7670 7668 7666 7664 7670 7667 7664 7661 7657 7653 7649 7645 7641 7637 7632 7627 7623 7618 7613 7615 7610 7604 7598 7592 7586 7580 7573 7566 7559 7552 7545 7538 7530 7523 7515 7508 7500 7493 7485 7478 7471 7465 7459 7453 7447 7442 7437 7432 7428 7423 7419 7415 7410 7406 7402 7398 7394 7390 7386 7382
-9 7639 7642 7645 7647 7649 7651 7652 7654 7661 7664 7665 7667 7669 7670 7671 7682 7683 7683 7683 7692 7691 7689 7688 7686 7691 7689 7686 7683 7680 7676 7672 7668 7664 7668 7663 7658 7653 7648 7643 7637 7632 7626 7620 7615 7615 7609 7602 7595 7588 7581 7573 7566 7558 7550 7542 7534 7526 7517 7509 7501 7493 7485 7478 7470 7463 7457 7451 7445 7439 7434 7429 7424 7419 7415 7410 7406 7401 7397 7393 7389 7385 7381 7377
-9 7665 7668 7671 7673 7676 7678 7680 7682 7684 7685 7686 7688 7697 7699 7700 7701 7701 7711 7711 7710 7709 7707 7713 7711 7708 7705 7701 7706 7702 7698 7693 7689 7684 7679 7674 7668 7670 7664 7659 7653 7647 7640 7634 7627 7620 7613 7606 7605 7597 7589 7581 7572 7564 7555 7546 7537 7529 7520 7511 7502 7494 7485 7477 7469 7462 7455 7448 7442 7436 7431 7425 7420 7415 7410 7406 7401 7397 7392 7388 7383 7379 7375 7371
-9 7691 7694 7697 7700 7702 7704 7706 7707 7709 7715 7717 7718 7719 7720 7721 7722 7731 7731 7731 7730 7737 7735 7733 7730 7734 7730 7726 7722 7718 7713 7708 7703 7705 7699 7693 7687 7681 7675 7668 7668 7661 7655 7647 7640 7633 7625 7617 7609 7600 7592 7583 7574 7565 7560 7551 7541 7532 7522 7513 7504 7495 7486 7477 7468 7460 7453 7446 7439 7433 7427 7422 7416 7411 7406 7401 7396 7392 7387 7382 7378 7374 7369 7365
-9 7719 7722 7726 7729 7731 7733 7735 7738 7740 7742 7743 7744 7745 7746 7754 7755 7755 7755 7755 7762 7760 7758 7756 7759 7755 7751 7746 7747 7742 7737 7732 7726 7720 7714 7713 7706 7700 7693 7686 7678 7671 7669 7661 7653 7645 7637 7628 7619 7610 7600 7591 7581 7571 7561 7551 7541 7531 7521 7515 7505 7495 7486 7476 7467 7459 7451 7443 7436 7430 7423 7418 7412 7407 7401 7396 7391 7386 7382 7377 7372 7368 7363 7359
-9 7746 7751 7755 7758 7761 7764 7767 7769 7770 7772 7777 7779 7780 7781 7782 7782 7789 7790 7789 7788 7787 7790 7787 7784 7780 7779 7774 7769 7763 7757 7751 7749 7743 7736 7729 7721 7714 7711 7703 7695 7687 7679 7670 7662 7658 7649 7639 7630 7620 7609 7599 7588 7578 7567 7556 7545 7534 7524 7513 7502 7492 7486 7476 7466 7457 7449 7441 7433 7426 7420 7413 7407 7402 7396 7391 7386 7381 7376 7371 7366 7362 7357 7352
-9 7775 7780 7785 7789 7793 7797 7800 7803 7805 7808 7809 7811 7813 7818 7819 7820 7821 7821 7821 7824 7823 7821 7818 7816 7812 7807 7801 7795 7791 7784 7777 7770 7763 7755 7751 7743 7734 7726 7717 7712 7704 7695 7685 7676 7666 7656 7646 7636 7629 7618 7607 7596 7584 7573 7561 7550 7538 7526 7515 7504 7493 7482 7475 7465 7455 7446 7438 7430 7422 7415 7409 7403 7397 7391 7386 7380 7375 7370 7365 7360 7355 7350 7346
-9 7805 7810 7815 7820 7825 7830 7834 7837 7842 7845 7847 7850 7852 7854 7855 7857 7860 7860 7860 7860 7858 7856 7854 7850 7845 7839 7833 7826 7819 7811 7803 7796 7788 7780 7771 7762 7755 7746 7736 7727 7717 7710 7700 7690 7680 7669 7658 7646 7635 7623 7611 7603 7591 7578 7566 7554 7541 7529 7517 7505 7493 7482 7471 7463 7453 7443 7434 7426 7418 7411 7404 7398 7391 7385 7380 7374 7369 7364 7358 7353 7349 7344 7339
-9 7835 7839 7846 7852 7858 7863 7869 7873 7878 7882 7886 7890 7892 7895 7897 7898 7900 7901 7901 7900 7898 7896 7893 7889 7881 7875 7868 7861 7850 7842 7833 7824 7815 7805 7795 7785 7775 7765 7756 7745 7735 7724 7713 7701 7693 7681 7669 7657 7645 7632 7619 7607 7593 7580 7567 7557 7544 7531 7518 7506 7493 7481 7470 7459 7449 7440 7431 7422 7414 7406 7399 7392 7386 7380 7374 7368 7362 7357 7352 7347 7342 7337 7332
-9 7865 7870 7877 7884 7891 7898 7904 7910 7915 7921 7926 7930 7933 7936 7939 7941 7943 7944 7945 7945 7944 7942 7934 7929 7924 7911 7904 7896 7887 7877 7867 7854 7843 7833 7822 7810 7798 7787 7775 7763 7752 7740 7728 7716 7704 7691 7678 7668 7655 7641 7628 7614 7600 7586 7572 7558 7544 7530 7517 7503 7493 7481 7468 7457 7446 7436 7427 7418 7409 7401 7393 7386 7380 7373 7367 7361 7356 7350 7345 7339 7334 7329 7324
-9 7896 7901 7909 7917 7925 7932 7940 7947 7953 7960 7966 7971 7976 7981 7984 7984 7986 7987 7988 7988 7987 7986 7983 7970 7964 7957 7949 7931 7921 7911 7900 7889 7877 7860 7848 7836 7823 7808 7796 7783 7770 7756 7744 7731 7718 7704 7690 7676 7661 7647 7632 7621 7606 7591 7577 7562 7547 7532 7518 7504 7490 7477 7467 7454 7443 7432 7422 7413 7404 7396 7388 7380 7373 7367 7361 7354 7349 7343 7337 7332 7327 7322 7316
-9 7926 7931 7940 7949 7958 7967 7975 7983 7991 7999 8006 8012 8018 8023 8028 8032 8035 8030 8031 8031 8030 8029 8026 8021 8016 7996 7987 7978 7967 7955 7933 7921 7908 7895 7881 7861 7848 7833 7819 7802 7788 7774 7759 7745 7731 7717 7702 7687 7671 7656 7640 7625 7609 7593 7578 7565 7550 7534 7519 7504 7490 7476 7463 7452 7440 7429 7418 7408 7399 7391 7382 7374 7367 7360 7354 7347 7341 7336 7330 7324 7319 7314 7309
-9 7956 7961 7971 7981 7991 8000 8010 8019 8028 8037 8045 8052 8059 8065 8070 8075 8079 8082 8084 8073 8072 8071 8068 8063 8057 8050 8025 8015 8004 7991 7978 7964 7939 7924 7909 7894 7878 7857 7841 7825 7807 7791 7776 7760 7744 7728 7711 7695 7681 7665 7648 7632 7615 7599 7582 7566 7549 7533 7520 7504 7489 7475 7461 7448 7437 7425 7414 7403 7394 7385 7377 7369 7361 7354 7347 7340 7334 7328 7323 7317 7311 7306 7301
-9 7985 7995 8001 8012 8022 8033 8043 8054 8064 8073 8082 8090 8098 8105 8111 8116 8120 8124 8126 8128 8128 8127 8125 8104 8097 8090 8080 8069 8039 8026 8012 7997 7982 7965 7937 7921 7904 7886 7863 7846 7828 7811 7792 7775 7758 7741 7723 7706 7688 7671 7653 7639 7621 7604 7586 7569 7552 7535 7518 7502 7489 7473 7459 7445 7432 7421 7409 7399 7389 7379 7371 7362 7355 7347 7340 7334 7327 7321 7315 7309 7304 7298 7293
-9 8012 8023 8033 8042 8053 8064 8076 8087 8097 8108 8118 8127 8135 8143 8149 8155 8160 8163 8166 8168 8169 8168 8166 8162 8136 8128 8118 8106 8093 8079 8045 8030 8013 7995 7977 7947 7929 7910 7891 7866 7848 7829 7810 7790 7772 7754 7735 7717 7698 7680 7661 7643 7624 7609 7590 7572 7554 7537 7519 7502 7486 7470 7457 7442 7429 7416 7405 7394 7383 7374 7365 7356 7348 7341 7334 7327 7320 7314 7308 7302 7296 7291 7285
-9 8039 8050 8061 8072 8082 8094 8106 8118 8129 8141 8151 8161 8170 8178 8185 8191 8197 8201 8204 8206 8207 8206 8204 8200 8194 8164 8154 8142 8128 8113 8097 8079 8043 8024 8005 7985 7964 7933 7913 7892 7866 7847 7827 7806 7786 7766 7746 7727 7708 7689 7669 7650 7630 7611 7592 7573 7557 7538 7520 7502 7485 7469 7453 7440 7426 7412 7400 7390 7379 7369 7359 7350 7342 7334 7327 7320 7314 7307 7301 7295 7289 7284 7278
-9 8065 8076 8087 8099 8111 8123 8135 8148 8160 8172 8183 8194 8203 8212 8219 8226 8231 8236 8239 8241 8242 8242 8240 8236 8230 8222 8212 8175 8161 8146 8129 8110 8090 8069 8032 8011 7989 7966 7934 7912 7890 7868 7843 7822 7800 7779 7758 7737 7716 7695 7677 7657 7636 7616 7596 7576 7557 7537 7518 7502 7484 7467 7451 7436 7423 7409 7396 7384 7373 7364 7354 7345 7336 7328 7321 7314 7307 7301 7294 7288 7283 7277 7271
-9 8089 8101 8113 8125 8137 8149 8163 8176 8188 8201 8206 8215 8223 8243 8251 8258 8264 8268 8272 8274 8275 8275 8273 8269 8263 8255 8245 8232 8192 8176 8159 8140 8119 8097 8057 8035 8012 7989 7965 7932 7909 7886 7862 7837 7814 7792 7770 7748 7726 7704 7683 7661 7640 7622 7601 7580 7559 7539 7520 7500 7482 7466 7449 7433 7418 7404 7393 7380 7369 7358 7350 7340 7331 7323 7315 7308 7301 7294 7288 7281 7275 7269 7263
-9 8113 8125 8137 8149 8162 8174 8187 8199 8211 8223 8233 8243 8252 8259 8266 8271 8294 8299 8302 8305 8306 8305 8303 8299 8293 8285 8275 8263 8248 8204 8186 8167 8146 8124 8100 8059 8035 8011 7985 7951 7927 7903 7878 7854 7829 7805 7781 7759 7736 7714 7691 7669 7647 7625 7603 7581 7562 7541 7521 7501 7482 7464 7448 7431 7416 7401 7390 7377 7365 7354 7343 7336 7327 7318 7310 7303 7295 7289 7282 7275 7269 7263 7257
-9 8136 8147 8161 8173 8186 8199 8211 8224 8236 8248 8259 8269 8278 8286 8292 8298 8302 8306 8308 8333 8334 8333 8331 8327 8321 8313 8303 8290 8276 8230 8212 8192 8171 8148 8124 8098 8056 8031 8005 7979 7944 7919 7894 7869 7843 7818 7793 7769 7745 7723 7699 7676 7653 7630 7608 7585 7563 7541 7523 7502 7482 7463 7445 7430 7414 7398 7384 7374 7361 7350 7339 7329 7323 7314 7306 7298 7291 7284 7277 7270 7263 7257 7251
-9 8158 8169 8181 8193 8206 8222 8235 8248 8260 8272 8283 8294 8303 8311 8318 8323 8328 8331 8333 8334 8334 8359 8357 8353 8347 8339 8329 8316 8271 8254 8236 8216 8194 8171 8146 8120 8093 8051 8024 7997 7969 7935 7909 7883 7857 7831 7805 7780 7755 7730 7706 7684 7660 7636 7613 7589 7566 7544 7522 7500 7483 7463 7444 7426 7410 7397 7382 7368 7359 7347 7336 7326 7316 7307 7302 7294 7287 7279 7272 7265 7258 7252 7245
-9 8179 8191 8203 8215 8227 8240 8252 8270 8283 8295 8306 8317 8326 8334 8341 8347 8351 8355 8357 8358 8357 8355 8352 8347 8340 8332 8321 8308 8293 8277 8258 8238 8216 8192 8167 8141 8113 8069 8042 8014 7986 7957 7924 7897 7870 7843 7817 7791 7765 7739 7714 7689 7664 7640 7618 7594 7570 7547 7524 7502 7481 7463 7444 7425 7408 7392 7380 7366 7353 7345 7333 7323 7313 7303 7295 7286 7279 7271 7268 7261 7254 7247 7240
