input/I57/I57_200yr24ha.asc
ncols        301
nrows        195
xllcorner    -92.313182000000
yllcorner    35.829066000000
cellsize     0.008333000000
NODATA_value -9
[rows 152 to 189 of 195, columns 168 to 251 of 301]
8797 8796 8796 8795 8795 8796 8796 8797 8798 8799 8801 8803 8805 8808 8810 8813 8817 8820 8824 8828 8832 8836 8840 8844 8848 8853 8857 8862 8867 8872 8877 8883 8888 8894 8899 8905 8911 8918 8924 8930 8937 8944 8951 8958 8966 8973 8981 8989 8997 9006 9014 9023 9032 9041 9050 9060 9070 9080 9090 9100 9110 9121 9132 9142 9153 9164 9175 9187 9198 9209 9221 9232 9244 9255 9266 9277 9287 9297 9306 9315 9323 9331 9338 9345
8785 8784 8783 8782 8782 8782 8782 8782 8783 8784 8785 8787 8789 8791 8793 8796 8799 8802 8805 8809 8812 8816 8820 8824 8828 8833 8837 8841 8846 8851 8856 8861 8867 8872 8878 8883 8889 8896 8902 8908 8915 8922 8929 8936 8944 8951 8959 8967 8975 8984 8992 9001 9010 9019 9029 9038 9048 9058 9068 9079 9089 9100 9111 9122 9133 9144 9155 9166 9178 9189 9201 9212 9224 9235 9246 9257 9267 9277 9286 9295 9304 9311 9319 9325
8773 8772 8770 8769 8769 8768 8768 8768 8768 8769 8770 8771 8772 8774 8776 8779 8781 8784 8787 8790 8794 8797 8801 8804 8808 8812 8817 8821 8825 8830 8835 8840 8845 8851 8856 8862 8868 8874 8880 8887 8893 8900 8907 8914 8922 8929 8937 8945 8954 8962 8971 8980 8989 8998 9007 9017 9027 9037 9047 9058 9068 9079 9090 9101 9112 9123 9135 9146 9158 9169 9181 9192 9204 9215 9226 9237 9248 9258 9267 9276 9284 9292 9299 9306
8761 8760 8758 8757 8756 8755 8754 8754 8754 8754 8754 8755 8756 8758 8759 8761 8764 8766 8769 8772 8775 8778 8781 8785 8788 8792 8796 8800 8805 8809 8814 8819 8824 8829 8835 8840 8846 8852 8858 8865 8872 8878 8885 8893 8900 8908 8916 8924 8932 8941 8949 8958 8967 8977 8986 8996 9006 9016 9027 9037 9048 9059 9070 9081 9092 9103 9115 9126 9138 9150 9161 9173 9184 9196 9207 9218 9228 9238 9248 9257 9265 9273 9280 9287
8750 8748 8746 8744 8743 8742 8741 8740 8739 8739 8739 8740 8740 8741 8743 8744 8746 8748 8751 8753 8756 8759 8762 8765 8769 8772 8776 8780 8784 8789 8793 8798 8803 8808 8813 8819 8825 8831 8837 8843 8850 8857 8864 8871 8879 8886 8894 8902 8911 8919 8928 8937 8946 8956 8965 8975 8985 8996 9006 9017 9027 9038 9049 9061 9072 9083 9095 9107 9118 9130 9142 9154 9165 9177 9188 9199 9209 9219 9229 9238 9246 9254 9261 9267
8739 8737 8734 8732 8730 8729 8727 8726 8725 8724 8724 8724 8725 8725 8726 8727 8729 8731 8733 8735 8737 8740 8743 8746 8749 8752 8756 8760 8764 8768 8773 8777 8782 8787 8792 8798 8804 8810 8816 8822 8829 8835 8843 8850 8857 8865 8873 8881 8890 8898 8907 8916 8925 8935 8945 8955 8965 8975 8986 8996 9007 9018 9030 9041 9052 9064 9076 9087 9099 9111 9123 9134 9146 9158 9169 9180 9190 9200 9210 9219 9227 9235 9242 9248
8728 8725 8723 8720 8718 8716 8714 8712 8711 8710 8709 8709 8709 8709 8710 8711 8712 8713 8715 8717 8719 8721 8724 8727 8730 8733 8736 8740 8744 8748 8752 8757 8761 8766 8772 8777 8783 8789 8795 8801 8808 8814 8821 8829 8836 8844 8852 8860 8869 8877 8886 8896 8905 8915 8924 8934 8945 8955 8966 8977 8988 8999 9010 9022 9033 9045 9056 9068 9080 9092 9104 9116 9127 9139 9150 9161 9172 9182 9191 9200 9208 9216 9223 9229
8718 8714 8711 8708 8706 8703 8701 8699 8697 8696 8695 8694 8694 8693 8694 8694 8695 8696 8697 8699 8701 8703 8705 8708 8710 8713 8716 8720 8724 8728 8732 8736 8741 8746 8751 8756 8762 8768 8774 8780 8787 8794 8801 8808 8815 8823 8831 8840 8848 8857 8866 8875 8885 8894 8904 8915 8925 8935 8946 8957 8968 8980 8991 9003 9014 9026 9038 9050 9061 9073 9085 9097 9109 9121 9132 9143 9153 9163 9172 9181 9190 9197 9204 9211
8707 8704 8700 8697 8694 8691 8688 8686 8684 8682 8680 8679 8678 8678 8678 8678 8678 8679 8680 8681 8683 8684 8686 8689 8691 8694 8697 8700 8704 8708 8712 8716 8721 8725 8730 8736 8741 8747 8753 8760 8766 8773 8780 8787 8795 8803 8811 8819 8828 8837 8846 8855 8865 8875 8885 8895 8905 8916 8927 8938 8949 8961 8972 8984 8996 9007 9019 9031 9043 9055 9067 9079 9091 9102 9114 9124 9135 9145 9154 9163 9171 9179 9186 9192
8697 8693 8689 8686 8682 8679 8676 8673 8670 8668 8666 8665 8663 8662 8662 8661 8662 8662 8663 8664 8665 8666 8668 8670 8672 8675 8678 8681 8684 8688 8692 8696 8701 8705 8710 8716 8721 8727 8733 8739 8746 8753 8760 8767 8775 8783 8791 8799 8808 8817 8826 8836 8845 8855 8865 8876 8886 8897 8908 8919 8931 8942 8954 8966 8977 8989 9001 9013 9025 9037 9049 9061 9073 9084 9096 9107 9117 9127 9136 9145 9153 9160 9167 9174
8687 8683 8679 8674 8671 8667 8663 8660 8657 8655 8652 8650 8648 8647 8646 8645 8645 8645 8646 8646 8647 8648 8650 8652 8654 8656 8659 8662 8665 8669 8672 8677 8681 8686 8691 8696 8701 8707 8713 8719 8726 8733 8740 8747 8755 8763 8771 8780 8788 8797 8807 8816 8826 8836 8846 8857 8868 8879 8890 8901 8913 8924 8936 8948 8960 8972 8984 8996 9008 9020 9032 9044 9055 9067 9078 9089 9099 9109 9118 9127 9135 9142 9149 9155
8677 8673 8668 8664 8659 8655 8651 8648 8644 8641 8638 8636 8634 8632 8631 8630 8629 8629 8629 8629 8630 8631 8632 8634 8635 8638 8640 8643 8646 8649 8653 8657 8662 8666 8671 8676 8682 8687 8693 8700 8706 8713 8720 8728 8735 8743 8752 8760 8769 8778 8788 8797 8807 8817 8828 8839 8849 8860 8872 8883 8895 8906 8918 8930 8942 8954 8966 8978 8990 9003 9015 9026 9038 9050 9061 9072 9082 9092 9101 9109 9117 9125 9131 9137
8668 8663 8658 8653 8648 8644 8639 8635 8632 8628 8625 8622 8620 8617 8616 8614 8613 8613 8612 8612 8613 8613 8614 8616 8617 8619 8622 8624 8627 8631 8634 8638 8643 8647 8652 8657 8662 8668 8674 8680 8687 8694 8701 8709 8716 8724 8733 8741 8750 8760 8769 8779 8789 8799 8810 8821 8832 8843 8854 8866 8877 8889 8901 8913 8925 8937 8949 8962 8974 8986 8998 9010 9021 9033 9044 9054 9065 9074 9083 9092 9100 9107 9113 9119
8658 8653 8648 8642 8637 8632 8628 8623 8619 8615 8612 8608 8605 8603 8601 8599 8598 8597 8596 8596 8596 8597 8597 8598 8600 8602 8604 8606 8609 8612 8616 8620 8624 8628 8633 8638 8644 8649 8655 8662 8668 8675 8682 8690 8698 8706 8714 8723 8732 8741 8751 8761 8771 8782 8792 8803 8814 8826 8837 8849 8861 8873 8885 8897 8909 8921 8933 8945 8957 8969 8981 8993 9005 9016 9027 9038 9048 9057 9066 9075 9082 9089 9096 9102
8649 8643 8638 8632 8627 8621 8616 8612 8607 8603 8599 8595 8592 8589 8586 8584 8583 8581 8580 8580 8580 8580 8581 8581 8583 8584 8586 8589 8591 8595 8598 8602 8606 8610 8615 8620 8625 8631 8637 8643 8650 8657 8664 8672 8680 8688 8696 8705 8714 8724 8734 8744 8754 8764 8775 8786 8797 8809 8820 8832 8844 8856 8868 8880 8893 8905 8917 8929 8941 8953 8965 8977 8988 9000 9011 9021 9031 9041 9049 9058 9065 9072 9079 9084
8640 8634 8628 8622 8616 8611 8605 8600 8595 8590 8586 8582 8578 8575 8572 8570 8568 8566 8565 8564 8564 8564 8564 8565 8566 8567 8569 8572 8574 8577 8580 8584 8588 8593 8597 8602 8608 8613 8619 8626 8632 8639 8647 8654 8662 8670 8679 8688 8697 8707 8717 8727 8737 8748 8759 8770 8781 8793 8804 8816 8828 8840 8853 8865 8877 8889 8901 8914 8926 8938 8949 8961 8973 8984 8995 9005 9015 9024 9033 9041 9049 9055 9062 9067
8631 8625 8619 8612 8606 8600 8594 8589 8583 8578 8574 8569 8565 8562 8559 8556 8553 8552 8550 8549 8548 8548 8548 8549 8550 8551 8553 8555 8557 8560 8564 8567 8571 8575 8580 8585 8590 8596 8602 8609 8615 8622 8630 8637 8645 8654 8662 8671 8681 8690 8700 8710 8721 8732 8743 8754 8765 8777 8789 8801 8813 8825 8837 8850 8862 8874 8886 8898 8910 8922 8934 8946 8957 8968 8979 8989 8999 9008 9017 9025 9032 9039 9045 9050
8623 8616 8609 8603 8596 8590 8584 8578 8572 8567 8562 8557 8553 8549 8545 8542 8540 8537 8536 8534 8533 8533 8533 8533 8534 8535 8537 8539 8541 8544 8547 8551 8555 8559 8564 8569 8574 8580 8586 8592 8599 8606 8613 8621 8629 8637 8646 8655 8665 8674 8684 8695 8705 8716 8727 8739 8750 8762 8774 8786 8798 8810 8823 8835 8847 8860 8872 8884 8896 8908 8919 8931 8942 8953 8964 8974 8983 8992 9001 9009 9016 9022 9028 9034
8614 8607 8600 8593 8586 8580 8573 8567 8561 8555 8550 8545 8540 8536 8532 8529 8526 8524 8522 8520 8519 8518 8518 8518 8519 8520 8521 8523 8526 8528 8531 8535 8539 8543 8548 8553 8558 8564 8570 8576 8583 8590 8597 8605 8613 8622 8631 8640 8649 8659 8669 8680 8690 8701 8712 8724 8736 8748 8760 8772 8784 8796 8809 8821 8833 8845 8858 8870 8882 8893 8905 8916 8927 8938 8949 8959 8968 8977 8985 8993 9000 9006 9012 9017
8606 8599 8591 8584 8577 8570 8563 8557 8550 8544 8539 8533 8528 8524 8520 8516 8513 8510 8508 8506 8505 8504 8504 8504 8504 8505 8507 8508 8511 8513 8516 8520 8524 8528 8533 8538 8543 8549 8555 8561 8568 8575 8582 8590 8598 8607 8616 8625 8634 8644 8655 8665 8676 8687 8698 8710 8722 8734 8746 8758 8770 8783 8795 8807 8820 8832 8844 8856 8868 8879 8891 8902 8913 8924 8934 8944 8953 8962 8970 8977 8984 8990 8996 9001
8598 8590 8583 8575 8568 8560 8553 8547 8540 8534 8528 8522 8517 8512 8508 8504 8501 8498 8495 8493 8492 8491 8490 8490 8490 8491 8492 8494 8496 8499 8502 8505 8509 8513 8518 8523 8528 8534 8540 8547 8553 8560 8568 8576 8584 8593 8602 8611 8620 8630 8641 8651 8662 8673 8685 8696 8708 8720 8732 8745 8757 8769 8782 8794 8806 8819 8831 8843 8854 8866 8877 8889 8899 8910 8920 8930 8939 8947 8955 8962 8969 8975 8980 8985
8590 8582 8574 8566 8559 8551 8544 8537 8530 8523 8517 8511 8506 8501 8496 8492 8489 8485 8483 8481 8479 8478 8477 8477 8477 8478 8479 8480 8483 8485 8488 8492 8495 8500 8504 8509 8514 8520 8526 8533 8540 8547 8554 8562 8570 8579 8588 8597 8607 8617 8627 8638 8649 8660 8672 8684 8695 8708 8720 8732 8744 8757 8769 8781 8794 8806 8818 8830 8842 8853 8864 8875 8886 8896 8906 8916 8924 8933 8940 8948 8954 8960 8965 8970
8582 8574 8566 8558 8550 8542 8535 8527 8520 8513 8507 8501 8495 8490 8485 8481 8477 8474 8471 8469 8467 8465 8464 8464 8464 8465 8466 8467 8470 8472 8475 8478 8482 8486 8491 8496 8501 8507 8513 8520 8527 8534 8541 8549 8558 8566 8575 8585 8594 8604 8615 8626 8637 8648 8659 8671 8683 8695 8708 8720 8732 8745 8757 8769 8782 8794 8806 8817 8829 8841 8852 8863 8873 8883 8893 8902 8911 8919 8926 8933 8940 8945 8950 8955
8574 8566 8557 8549 8541 8533 8526 8518 8511 8504 8497 8491 8485 8480 8475 8470 8466 8463 8460 8457 8455 8454 8453 8452 8452 8453 8454 8455 8457 8460 8463 8466 8470 8474 8479 8484 8489 8495 8501 8507 8514 8521 8529 8537 8545 8554 8563 8573 8582 8592 8603 8614 8625 8636 8648 8660 8672 8684 8696 8708 8721 8733 8745 8758 8770 8782 8794 8806 8817 8828 8839 8850 8861 8871 8880 8889 8898 8906 8913 8920 8926 8931 8936 8941
8566 8558 8549 8541 8533 8525 8517 8509 8502 8495 8488 8481 8475 8470 8465 8460 8456 8452 8449 8446 8444 8442 8441 8441 8441 8441 8442 8443 8445 8448 8451 8454 8458 8462 8467 8472 8477 8483 8489 8496 8502 8510 8517 8525 8534 8543 8552 8561 8571 8581 8592 8602 8614 8625 8637 8648 8660 8673 8685 8697 8710 8722 8734 8747 8759 8771 8783 8794 8806 8817 8828 8838 8849 8858 8868 8877 8885 8893 8900 8906 8912 8917 8922 8926
8559 8550 8542 8533 8525 8517 8509 8501 8493 8486 8479 8472 8466 8460 8455 8450 8446 8442 8439 8436 8434 8432 8431 8430 8430 8430 8431 8432 8434 8437 8440 8443 8447 8451 8456 8461 8466 8472 8478 8485 8491 8499 8506 8514 8523 8532 8541 8550 8560 8570 8581 8592 8603 8614 8626 8638 8650 8662 8674 8687 8699 8711 8724 8736 8748 8760 8772 8783 8794 8806 8816 8827 8837 8847 8856 8864 8872 8880 8887 8893 8899 8904 8909 8913
8551 8543 8534 8526 8517 8509 8501 8493 8485 8477 8470 8463 8457 8451 8446 8441 8436 8432 8429 8426 8424 8422 8420 8420 8419 8420 8420 8422 8424 8426 8429 8432 8436 8440 8445 8450 8456 8461 8468 8474 8481 8488 8496 8504 8513 8521 8531 8540 8550 8560 8571 8582 8593 8604 8616 8628 8640 8652 8664 8677 8689 8701 8713 8726 8738 8749 8761 8773 8784 8795 8805 8816 8826 8835 8844 8853 8861 8868 8875 8881 8886 8891 8896 8900
8544 8535 8527 8518 8510 8501 8493 8485 8477 8469 8462 8455 8449 8443 8437 8432 8427 8423 8420 8417 8414 8412 8411 8410 8410 8410 8411 8412 8414 8416 8419 8423 8426 8431 8435 8440 8446 8452 8458 8464 8471 8479 8486 8494 8503 8512 8521 8531 8541 8551 8561 8572 8583 8595 8606 8618 8630 8642 8655 8667 8679 8691 8704 8716 8728 8739 8751 8762 8773 8784 8795 8805 8815 8824 8833 8841 8849 8856 8863 8869 8874 8879 8883 8887
8537 8528 8520 8511 8502 8494 8485 8477 8469 8462 8454 8447 8441 8435 8429 8424 8419 8415 8411 8408 8405 8403 8402 8401 8401 8401 8401 8403 8405 8407 8410 8413 8417 8421 8426 8431 8436 8442 8449 8455 8462 8469 8477 8485 8494 8503 8512 8522 8531 8542 8552 8563 8574 8586 8597 8609 8621 8633 8646 8658 8670 8682 8694 8706 8718 8730 8741 8752 8763 8774 8785 8795 8804 8813 8822 8830 8838 8845 8851 8857 8862 8867 8871 8875
8530 8522 8513 8504 8495 8487 8478 8470 8462 8454 8447 8440 8433 8427 8421 8416 8411 8407 8403 8400 8397 8395 8394 8392 8392 8392 8393 8394 8396 8398 8401 8405 8408 8413 8417 8422 8428 8434 8440 8447 8454 8461 8469 8477 8485 8494 8503 8513 8523 8533 8544 8555 8566 8577 8589 8601 8613 8625 8637 8649 8661 8673 8685 8697 8709 8721 8732 8743 8754 8764 8775 8785 8794 8803 8812 8820 8827 8834 8840 8846 8851 8855 8859 8863
8524 8515 8506 8498 8489 8480 8472 8463 8455 8447 8440 8433 8426 8420 8414 8408 8404 8399 8395 8392 8389 8387 8386 8385 8384 8384 8385 8386 8388 8390 8393 8396 8400 8404 8409 8414 8420 8426 8432 8438 8445 8453 8461 8469 8477 8486 8495 8505 8515 8525 8536 8547 8558 8569 8581 8593 8605 8617 8629 8641 8653 8665 8677 8689 8700 8712 8723 8734 8745 8755 8765 8775 8784 8793 8802 8809 8817 8823 8829 8835 8840 8844 8848 8851
8518 8509 8500 8491 8482 8474 8465 8457 8449 8441 8433 8426 8419 8413 8407 8402 8397 8392 8388 8385 8382 8380 8378 8377 8377 8377 8377 8379 8380 8383 8385 8389 8393 8397 8402 8407 8412 8418 8424 8431 8438 8445 8453 8461 8470 8479 8488 8498 8508 8518 8528 8539 8550 8562 8573 8585 8597 8609 8621 8633 8645 8657 8669 8680 8692 8703 8714 8725 8736 8746 8756 8766 8775 8784 8792 8799 8806 8813 8819 8824 8829 8833 8837 8840
8512 8503 8494 8485 8476 8468 8459 8451 8442 8435 8427 8420 8413 8407 8401 8395 8390 8386 8382 8378 8375 8373 8371 8370 8370 8370 8370 8372 8373 8376 8378 8382 8386 8390 8395 8400 8405 8411 8417 8424 8431 8438 8446 8454 8463 8472 8481 8491 8501 8511 8521 8532 8543 8555 8566 8578 8590 8602 8614 8625 8637 8649 8661 8672 8684 8695 8706 8717 8727 8738 8747 8757 8766 8774 8782 8790 8797 8803 8809 8814 8819 8823 8826 8829
8506 8498 8489 8480 8471 8462 8453 8445 8437 8429 8421 8414 8407 8401 8395 8389 8384 8380 8376 8372 8369 8367 8365 8364 8363 8363 8364 8365 8367 8369 8372 8375 8379 8383 8388 8393 8399 8404 8411 8417 8424 8432 8440 8448 8456 8465 8474 8484 8494 8504 8515 8526 8537 8548 8559 8571 8583 8595 8607 8618 8630 8642 8654 8665 8676 8687 8698 8709 8719 8729 8739 8748 8757 8765 8773 8781 8787 8793 8799 8804 8809 8813 8816 8819
8501 8492 8483 8474 8465 8457 8448 8439 8431 8423 8416 8408 8401 8395 8389 8383 8378 8374 8370 8366 8363 8361 8359 8358 8357 8357 8358 8359 8361 8363 8366 8369 8373 8377 8382 8387 8393 8398 8405 8411 8418 8426 8434 8442 8450 8459 8468 8478 8488 8498 8509 8519 8530 8542 8553 8565 8576 8588 8600 8612 8623 8635 8647 8658 8669 8680 8691 8701 8711 8721 8731 8740 8749 8757 8764 8772 8778 8784 8790 8795 8799 8803 8806 8809
8496 8487 8478 8469 8460 8452 8443 8434 8426 8418 8411 8403 8396 8390 8384 8378 8373 8369 8365 8361 8358 8356 8354 8353 8352 8352 8352 8354 8355 8358 8360 8364 8367 8372 8376 8381 8387 8393 8399 8406 8413 8420 8428 8436 8445 8454 8463 8472 8482 8492 8503 8514 8525 8536 8547 8559 8570 8582 8594 8605 8617 8629 8640 8651 8662 8673 8684 8694 8704 8714 8723 8732 8740 8748 8756 8763 8769 8775 8780 8785 8790 8793 8797 8799
8491 8483 8474 8465 8456 8447 8438 8430 8421 8413 8406 8398 8392 8385 8379 8373 8368 8364 8360 8356 8353 8351 8349 8348 8347 8347 8347 8349 8350 8352 8355 8359 8362 8367 8371 8376 8382 8388 8394 8401 8408 8415 8423 8431 8440 8448 8458 8467 8477 8487 8498 8508 8519 8530 8542 8553 8565 8576 8588 8600 8611 8623 8634 8645 8656 8666 8677 8687 8697 8706 8715 8724 8732 8740 8748 8754 8761 8766 8772 8776 8780 8784 8787 8790
8487 8478 8469 8460 8451 8443 8434 8425 8417 8409 8401 8394 8387 8381 8375 8369 8364 8359 8355 8352 8349 8346 8344 8343 8342 8342 8343 8344 8346 8348 8351 8354 8358 8362 8367 8372 8377 8383 8389 8396 8403 8410 8418 8426 8435 8444 8453 8462 8472 8482 8493 8503 8514 8525 8537 8548 8560 8571 8583 8594 8605 8617 8628 8639 8650 8660 8670 8680 8690 8699 8708 8717 8725 8732 8740 8746 8752 8758 8763 8768 8772 8775 8778 8781
