input/I57/I57_100yr24ha.asc
ncols        301
nrows        195
xllcorner    -92.313182000000
yllcorner    35.829066000000
cellsize     0.008333000000
NODATA_value -9
[rows 152 to 189 of 195, columns 84 to 167 of 301]
8291 8288 8284 8281 8278 8275 8272 8269 8266 8263 8260 8257 8254 8251 8248 8245 8242 8239 8236 8232 8229 8226 8222 8219 8215 8211 8207 8203 8199 8194 8189 8184 8178 8173 8167 8160 8154 8147 8141 8134 8126 8119 8112 8105 8097 8090 8082 8075 8068 8061 8054 8047 8040 8033 8027 8020 8014 8009 8003 7997 7992 7987 7982 7978 7973 7969 7965 7965 7962 7958 7955 7952 7949 7946 7943 7941 7938 7936 7934 7932 7931 7929 7928 7927
8288 8285 8282 8279 8276 8273 8269 8266 8263 8260 8257 8254 8251 8248 8245 8242 8239 8235 8232 8229 8226 8223 8219 8215 8212 8208 8204 8199 8195 8190 8185 8180 8175 8169 8163 8157 8150 8144 8137 8130 8123 8116 8109 8101 8094 8087 8079 8072 8065 8058 8051 8044 8037 8030 8024 8018 8012 8006 8000 7994 7989 7984 7979 7974 7970 7965 7961 7962 7958 7954 7951 7947 7944 7941 7938 7935 7933 7930 7928 7926 7924 7922 7921 7919
8286 8282 8279 8276 8273 8269 8266 8263 8260 8257 8254 8250 8247 8244 8241 8238 8235 8232 8229 8225 8222 8219 8215 8211 8208 8204 8200 8195 8191 8186 8181 8176 8171 8165 8159 8153 8146 8140 8133 8126 8119 8112 8105 8098 8091 8084 8076 8069 8062 8055 8048 8041 8034 8028 8021 8015 8009 8003 7997 7992 7986 7981 7976 7971 7967 7962 7962 7958 7954 7950 7946 7943 7939 7936 7933 7930 7927 7925 7922 7920 7918 7916 7914 7912
8282 8279 8276 8272 8269 8266 8262 8259 8256 8253 8250 8246 8243 8240 8237 8234 8231 8227 8224 8221 8218 8214 8211 8207 8203 8199 8195 8191 8186 8182 8177 8172 8166 8161 8155 8149 8142 8136 8129 8123 8116 8109 8102 8095 8088 8081 8073 8066 8059 8052 8046 8039 8032 8026 8019 8013 8007 8001 7995 7989 7984 7979 7974 7969 7964 7959 7959 7954 7950 7946 7943 7939 7935 7932 7928 7925 7922 7919 7917 7914 7912 7909 7907 7905
8278 8275 8271 8268 8265 8261 8258 8255 8251 8248 8245 8242 8239 8235 8232 8229 8226 8222 8219 8216 8213 8209 8206 8202 8198 8194 8190 8186 8181 8177 8172 8167 8161 8156 8150 8144 8138 8132 8125 8119 8112 8105 8098 8091 8085 8078 8071 8064 8057 8050 8043 8037 8030 8023 8017 8011 8005 7999 7993 7987 7982 7976 7971 7966 7961 7960 7956 7951 7947 7943 7939 7935 7931 7928 7924 7921 7917 7914 7911 7908 7906 7903 7901 7898
8274 8270 8267 8263 8260 8256 8253 8250 8246 8243 8240 8236 8233 8230 8227 8224 8220 8217 8214 8210 8207 8204 8200 8196 8193 8189 8185 8180 8176 8171 8167 8162 8156 8151 8145 8140 8134 8127 8121 8115 8108 8102 8095 8088 8081 8075 8068 8061 8054 8048 8041 8035 8028 8022 8015 8009 8003 7997 7991 7986 7980 7975 7969 7964 7959 7958 7953 7949 7944 7940 7936 7932 7928 7924 7920 7916 7913 7909 7906 7903 7900 7897 7894 7892
8269 8265 8262 8258 8255 8251 8248 8244 8241 8237 8234 8231 8227 8224 8221 8218 8214 8211 8208 8205 8201 8198 8194 8190 8187 8183 8179 8175 8170 8166 8161 8156 8151 8146 8140 8135 8129 8123 8117 8111 8104 8098 8091 8085 8078 8072 8065 8059 8052 8046 8039 8033 8026 8020 8014 8008 8001 7996 7990 7984 7978 7973 7968 7962 7960 7955 7951 7946 7941 7937 7933 7928 7924 7920 7916 7912 7909 7905 7901 7898 7895 7891 7888 7885
8263 8260 8256 8252 8249 8245 8242 8238 8235 8231 8228 8225 8221 8218 8215 8211 8208 8205 8201 8198 8195 8191 8188 8184 8180 8177 8173 8168 8164 8160 8155 8150 8146 8140 8135 8130 8124 8118 8112 8106 8100 8094 8088 8082 8075 8069 8063 8056 8050 8043 8037 8031 8025 8018 8012 8006 8000 7994 7988 7983 7977 7972 7966 7961 7958 7953 7949 7944 7939 7934 7930 7925 7921 7917 7913 7908 7904 7901 7897 7893 7889 7886 7883 7879
8257 8254 8250 8246 8242 8239 8235 8232 8228 8225 8221 8218 8214 8211 8208 8204 8201 8198 8195 8191 8188 8184 8181 8177 8174 8170 8166 8162 8158 8154 8149 8144 8140 8135 8130 8124 8119 8114 8108 8102 8096 8090 8084 8078 8072 8066 8060 8054 8048 8041 8035 8029 8023 8017 8011 8005 7999 7993 7987 7982 7976 7970 7965 7962 7957 7951 7946 7942 7937 7932 7927 7923 7918 7914 7909 7905 7901 7896 7892 7888 7884 7881 7877 7873
8251 8247 8243 8240 8236 8232 8228 8225 8221 8218 8214 8211 8207 8204 8201 8197 8194 8191 8187 8184 8181 8177 8174 8170 8167 8163 8159 8155 8151 8147 8143 8138 8134 8129 8124 8119 8114 8109 8103 8098 8092 8086 8081 8075 8069 8063 8057 8051 8045 8039 8033 8027 8022 8016 8010 8004 7998 7992 7986 7980 7975 7969 7965 7960 7955 7950 7945 7940 7935 7930 7925 7920 7915 7911 7906 7901 7897 7892 7888 7884 7880 7875 7871 7867
8245 8241 8237 8233 8229 8225 8221 8218 8214 8210 8207 8203 8200 8196 8193 8190 8186 8183 8180 8177 8173 8170 8166 8163 8159 8156 8152 8148 8144 8140 8136 8132 8128 8123 8118 8114 8109 8104 8098 8093 8088 8082 8077 8072 8066 8060 8055 8049 8043 8037 8032 8026 8020 8014 8008 8003 7997 7991 7985 7980 7975 7969 7964 7959 7953 7948 7943 7938 7933 7927 7922 7917 7913 7908 7903 7898 7893 7889 7884 7879 7875 7870 7866 7862
8238 8234 8230 8226 8222 8218 8214 8210 8206 8203 8199 8196 8192 8189 8185 8182 8179 8175 8172 8169 8166 8162 8159 8155 8152 8148 8145 8141 8137 8134 8130 8125 8121 8117 8112 8108 8103 8098 8094 8089 8084 8078 8073 8068 8063 8057 8052 8046 8041 8035 8030 8024 8019 8013 8007 8001 7996 7990 7984 7979 7973 7968 7962 7957 7952 7946 7941 7936 7931 7925 7920 7915 7910 7905 7900 7895 7890 7885 7880 7875 7870 7866 7861 7856
8231 8227 8222 8218 8214 8210 8206 8202 8199 8195 8191 8188 8184 8181 8177 8174 8171 8167 8164 8161 8158 8154 8151 8148 8144 8141 8138 8134 8130 8127 8123 8119 8115 8111 8106 8102 8098 8093 8089 8084 8079 8074 8069 8064 8059 8054 8049 8044 8039 8033 8028 8022 8017 8011 8006 8000 7995 7989 7983 7978 7972 7967 7961 7956 7950 7945 7939 7934 7929 7923 7918 7913 7907 7902 7897 7892 7887 7881 7876 7871 7866 7861 7856 7851
8224 8219 8215 8211 8207 8202 8199 8195 8191 8187 8183 8180 8176 8173 8169 8166 8163 8159 8156 8153 8150 8146 8143 8140 8137 8133 8130 8127 8123 8120 8116 8112 8108 8104 8100 8096 8092 8088 8084 8079 8075 8070 8065 8061 8056 8051 8046 8041 8036 8031 8026 8021 8015 8010 8005 7999 7994 7988 7982 7976 7971 7965 7960 7954 7949 7943 7938 7932 7927 7921 7916 7910 7905 7900 7894 7889 7883 7878 7872 7867 7862 7856 7851 7845
8217 8212 8208 8203 8199 8195 8191 8187 8183 8179 8175 8172 8168 8164 8161 8158 8154 8151 8148 8145 8142 8138 8134 8131 8128 8125 8122 8119 8116 8112 8109 8105 8102 8098 8094 8090 8087 8083 8078 8074 8070 8066 8061 8057 8052 8048 8043 8038 8034 8029 8024 8019 8014 8008 8003 7998 7992 7986 7980 7975 7969 7963 7958 7952 7947 7941 7936 7930 7925 7919 7914 7908 7902 7897 7891 7886 7880 7874 7869 7863 7857 7852 7846 7840
8209 8205 8200 8195 8191 8187 8183 8178 8175 8171 8167 8163 8160 8156 8153 8149 8146 8143 8140 8136 8133 8130 8126 8123 8120 8117 8114 8112 8108 8105 8102 8099 8095 8092 8088 8085 8081 8077 8073 8069 8065 8061 8057 8053 8049 8044 8040 8035 8031 8026 8021 8017 8012 8007 8001 7996 7991 7984 7978 7973 7967 7962 7956 7951 7945 7940 7934 7928 7923 7917 7911 7906 7900 7894 7888 7883 7877 7871 7865 7859 7853 7847 7841 7835
8202 8197 8192 8188 8183 8179 8174 8170 8166 8162 8158 8155 8151 8148 8144 8141 8137 8134 8131 8128 8125 8122 8118 8116 8113 8110 8107 8104 8101 8098 8095 8092 8089 8085 8082 8079 8075 8072 8068 8064 8061 8057 8053 8049 8045 8041 8037 8032 8028 8023 8019 8014 8009 8005 8000 7994 7989 7982 7976 7971 7966 7960 7954 7949 7943 7938 7932 7926 7921 7915 7909 7903 7897 7891 7885 7879 7873 7867 7861 7855 7849 7842 7836 7830
8194 8189 8185 8180 8175 8171 8166 8162 8158 8154 8150 8146 8142 8139 8135 8132 8129 8126 8123 8120 8117 8114 8110 8108 8105 8102 8099 8097 8094 8091 8088 8085 8082 8079 8076 8072 8069 8066 8063 8059 8056 8052 8048 8045 8041 8037 8033 8029 8025 8020 8016 8012 8007 8002 7997 7992 7985 7980 7974 7969 7964 7958 7952 7947 7941 7936 7930 7924 7918 7912 7907 7901 7895 7889 7882 7876 7870 7864 7857 7851 7844 7838 7831 7825
8187 8182 8177 8172 8167 8162 8158 8153 8149 8145 8141 8137 8134 8130 8127 8123 8120 8117 8114 8111 8108 8105 8102 8100 8097 8094 8091 8089 8086 8084 8081 8078 8075 8072 8069 8066 8063 8060 8057 8054 8051 8047 8044 8040 8037 8033 8029 8025 8021 8017 8013 8009 8004 8000 7995 7990 7983 7977 7972 7967 7961 7956 7950 7945 7939 7933 7928 7922 7916 7910 7904 7898 7892 7886 7879 7873 7867 7860 7854 7847 7840 7833 7827 7820
8179 8174 8169 8164 8159 8154 8149 8145 8140 8136 8132 8128 8125 8121 8118 8115 8111 8108 8105 8103 8100 8097 8094 8092 8089 8087 8084 8081 8079 8076 8074 8071 8068 8066 8063 8060 8057 8054 8051 8048 8045 8042 8039 8036 8032 8029 8025 8022 8018 8014 8010 8006 8002 7997 7993 7988 7980 7975 7970 7964 7959 7953 7948 7942 7937 7931 7925 7919 7913 7907 7901 7895 7889 7883 7876 7870 7863 7857 7850 7843 7836 7829 7822 7815
8171 8166 8160 8155 8150 8145 8140 8136 8131 8127 8123 8119 8116 8112 8109 8106 8102 8099 8097 8094 8091 8089 8086 8084 8081 8079 8076 8074 8071 8069 8066 8064 8061 8059 8056 8054 8051 8048 8046 8043 8040 8037 8034 8031 8028 8024 8021 8018 8014 8010 8006 8002 7998 7994 7990 7985 7977 7972 7967 7962 7956 7951 7945 7940 7934 7928 7922 7916 7911 7904 7898 7892 7886 7879 7873 7866 7860 7853 7846 7839 7832 7824 7817 7810
8163 8157 8152 8146 8141 8136 8131 8127 8122 8118 8114 8110 8107 8103 8100 8096 8093 8091 8088 8085 8083 8081 8078 8076 8074 8071 8069 8067 8064 8062 8059 8057 8055 8052 8050 8047 8045 8043 8040 8037 8035 8032 8029 8026 8023 8020 8017 8013 8010 8006 8003 7999 7995 7991 7986 7982 7974 7969 7964 7959 7953 7948 7942 7937 7931 7925 7919 7914 7908 7901 7895 7889 7883 7876 7869 7863 7856 7849 7842 7835 7827 7820 7812 7805
8155 8149 8143 8138 8132 8127 8122 8118 8113 8109 8105 8101 8097 8094 8090 8087 8084 8081 8079 8077 8075 8072 8070 8068 8066 8063 8061 8059 8057 8054 8052 8050 8048 8046 8043 8041 8039 8036 8034 8032 8029 8026 8024 8021 8018 8015 8012 8009 8006 8002 7999 7995 7991 7987 7983 7975 7970 7966 7961 7955 7950 7945 7939 7934 7928 7922 7916 7910 7904 7898 7892 7886 7879 7873 7866 7859 7852 7845 7838 7830 7823 7815 7808 7800
8146 8140 8134 8129 8123 8118 8113 8108 8103 8099 8095 8091 8088 8084 8081 8078 8075 8072 8070 8068 8066 8064 8062 8060 8058 8056 8054 8052 8050 8047 8045 8043 8041 8039 8037 8035 8032 8030 8028 8026 8023 8021 8018 8016 8013 8010 8007 8004 8001 7998 7994 7991 7987 7983 7979 7971 7967 7962 7957 7952 7947 7941 7936 7930 7925 7919 7913 7907 7901 7895 7888 7882 7875 7869 7862 7855 7848 7841 7834 7826 7818 7811 7803 7795
8137 8131 8125 8119 8114 8108 8103 8098 8094 8089 8085 8081 8078 8074 8071 8068 8065 8063 8061 8059 8057 8055 8053 8051 8049 8048 8046 8044 8042 8039 8037 8036 8034 8032 8030 8028 8026 8024 8022 8020 8017 8015 8013 8010 8008 8005 8002 7999 7996 7993 7990 7986 7983 7979 7971 7967 7963 7958 7953 7948 7943 7938 7932 7927 7921 7915 7909 7903 7897 7891 7885 7878 7872 7865 7858 7851 7844 7837 7829 7822 7814 7806 7798 7790
8128 8122 8116 8110 8104 8099 8093 8088 8084 8079 8075 8071 8068 8064 8061 8058 8056 8053 8052 8050 8048 8046 8044 8043 8041 8039 8038 8036 8033 8032 8030 8028 8027 8025 8023 8021 8019 8018 8016 8014 8011 8009 8007 8005 8002 8000 7997 7994 7991 7988 7985 7982 7978 7971 7967 7963 7958 7954 7949 7944 7939 7934 7928 7923 7917 7911 7906 7900 7893 7887 7881 7874 7868 7861 7854 7847 7840 7833 7825 7817 7810 7802 7793 7785
8119 8112 8106 8100 8094 8089 8083 8078 8074 8069 8065 8061 8058 8054 8051 8048 8046 8043 8041 8041 8039 8037 8036 8034 8033 8031 8030 8027 8025 8024 8022 8021 8019 8018 8016 8015 8013 8011 8009 8007 8005 8003 8001 7999 7996 7994 7991 7989 7986 7983 7977 7973 7970 7966 7962 7958 7954 7949 7945 7940 7935 7930 7924 7919 7913 7907 7902 7896 7890 7883 7877 7871 7864 7857 7850 7843 7836 7828 7821 7813 7805 7797 7789 7780
8109 8103 8096 8090 8084 8079 8073 8068 8064 8059 8055 8051 8047 8044 8041 8038 8036 8034 8032 8031 8030 8028 8027 8026 8024 8023 8020 8019 8017 8016 8015 8013 8012 8011 8009 8008 8006 8004 8003 8001 7999 7997 7995 7993 7991 7988 7986 7980 7977 7974 7971 7968 7965 7961 7957 7953 7949 7945 7940 7935 7930 7925 7920 7914 7909 7903 7897 7892 7885 7879 7873 7866 7860 7853 7846 7839 7832 7824 7817 7809 7801 7793 7784 7776
8100 8093 8087 8080 8074 8069 8063 8058 8053 8049 8045 8041 8037 8034 8031 8028 8026 8024 8022 8020 8021 8019 8018 8015 8014 8012 8011 8010 8009 8008 8007 8006 8005 8003 8002 8001 7999 7998 7996 7994 7992 7991 7989 7987 7985 7980 7977 7974 7972 7969 7966 7963 7960 7956 7952 7949 7944 7940 7935 7931 7926 7921 7915 7910 7905 7899 7893 7887 7881 7875 7869 7862 7856 7849 7842 7835 7828 7820 7812 7804 7796 7788 7780 7771
8090 8083 8077 8071 8064 8059 8053 8048 8043 8039 8035 8031 8027 8024 8021 8018 8016 8014 8012 8011 8009 8008 8007 8006 8005 8004 8003 8002 8001 8000 7999 7998 7997 7996 7995 7993 7992 7991 7989 7988 7986 7984 7982 7978 7976 7974 7971 7969 7966 7963 7960 7957 7954 7951 7947 7943 7939 7935 7931 7926 7921 7916 7911 7906 7900 7895 7889 7883 7877 7871 7865 7858 7852 7845 7838 7831 7823 7816 7808 7800 7792 7784 7775 7767
8081 8074 8067 8061 8055 8049 8043 8038 8033 8029 8024 8021 8017 8014 8011 8009 8006 8004 8003 8001 8000 7999 7998 7997 7996 7995 7995 7994 7993 7992 7991 7991 7990 7988 7987 7986 7985 7984 7982 7981 7979 7978 7973 7972 7969 7967 7965 7963 7960 7957 7955 7952 7949 7945 7942 7938 7934 7930 7926 7921 7916 7911 7906 7901 7896 7890 7885 7879 7873 7867 7861 7854 7848 7841 7834 7827 7819 7812 7804 7796 7788 7780 7771 7763
8072 8065 8058 8052 8045 8039 8034 8028 8023 8019 8015 8011 8007 8004 8001 7999 7997 7995 7993 7992 7991 7990 7989 7988 7987 7987 7986 7986 7985 7984 7984 7983 7982 7981 7980 7979 7978 7977 7975 7974 7972 7969 7967 7965 7963 7961 7959 7956 7954 7952 7949 7946 7943 7940 7937 7933 7929 7925 7921 7916 7911 7907 7902 7896 7891 7886 7880 7875 7869 7863 7857 7850 7844 7837 7830 7823 7816 7808 7800 7792 7784 7776 7767 7759
8064 8057 8049 8043 8036 8030 8024 8019 8014 8009 8005 8001 7998 7995 7992 7989 7987 7985 7984 7983 7982 7981 7980 7979 7979 7978 7978 7977 7977 7976 7976 7975 7974 7973 7973 7972 7971 7969 7968 7967 7963 7962 7960 7958 7957 7955 7952 7950 7948 7946 7943 7940 7937 7934 7931 7928 7924 7920 7916 7911 7907 7902 7897 7892 7887 7881 7876 7870 7865 7859 7853 7846 7840 7833 7826 7819 7812 7804 7797 7789 7780 7772 7764 7755
8053 8046 8039 8032 8028 8021 8015 8010 8005 8000 7996 7992 7988 7985 7982 7980 7978 7976 7975 7975 7975 7972 7971 7971 7970 7970 7969 7969 7969 7968 7968 7967 7967 7966 7965 7964 7963 7962 7961 7960 7956 7955 7953 7952 7950 7948 7946 7944 7942 7939 7937 7934 7932 7929 7925 7922 7918 7915 7910 7906 7902 7897 7892 7887 7882 7877 7872 7866 7860 7855 7849 7842 7836 7829 7823 7816 7808 7801 7793 7785 7777 7769 7760 7751
8045 8038 8030 8023 8016 8010 8007 8001 7996 7991 7987 7983 7979 7976 7973 7971 7970 7968 7967 7966 7966 7965 7965 7962 7962 7961 7961 7961 7960 7960 7960 7959 7959 7958 7957 7957 7956 7955 7954 7953 7949 7948 7946 7945 7943 7941 7940 7938 7935 7933 7931 7928 7926 7923 7920 7917 7913 7909 7905 7901 7897 7892 7887 7883 7878 7873 7867 7862 7856 7851 7845 7839 7832 7826 7819 7812 7805 7797 7790 7782 7774 7765 7757 7748
8038 8030 8022 8015 8008 8002 7996 7990 7985 7980 7976 7973 7969 7967 7964 7962 7961 7959 7958 7957 7957 7956 7956 7956 7953 7953 7953 7953 7952 7952 7952 7951 7951 7950 7950 7949 7948 7947 7947 7946 7942 7941 7940 7938 7936 7935 7933 7931 7929 7927 7925 7922 7920 7917 7914 7911 7908 7904 7900 7896 7892 7887 7883 7878 7873 7868 7863 7858 7852 7847 7841 7835 7829 7822 7816 7809 7802 7794 7787 7779 7771 7762 7754 7745
8031 8023 8015 8007 8000 7994 7987 7982 7976 7972 7968 7964 7961 7958 7956 7954 7952 7951 7950 7949 7948 7948 7947 7947 7947 7945 7944 7944 7944 7944 7944 7943 7943 7943 7942 7941 7941 7940 7939 7938 7935 7934 7932 7931 7930 7928 7926 7925 7923 7921 7919 7916 7914 7911 7908 7905 7902 7899 7895 7891 7887 7882 7878 7874 7869 7864 7859 7854 7849 7843 7837 7831 7825 7819 7812 7806 7798 7791 7784 7776 7768 7759 7751 7742
8024 8016 8008 8000 7993 7986 7980 7974 7969 7964 7959 7956 7952 7950 7947 7945 7943 7942 7941 7940 7940 7939 7939 7939 7939 7939 7936 7936 7936 7936 7936 7935 7935 7935 7934 7934 7933 7932 7932 7929 7928 7927 7925 7924 7923 7921 7920 7918 7916 7914 7912 7910 7908 7905 7903 7900 7896 7893 7889 7886 7882 7878 7873 7869 7864 7860 7855 7850 7845 7839 7834 7828 7822 7816 7809 7803 7796 7788 7781 7773 7765 7757 7748 7740
