input/I57/I57_025yr24ha.asc
ncols        301
nrows        195
xllcorner    -92.313182000000
yllcorner    35.829066000000
cellsize     0.008333000000
NODATA_value -9
[rows 114 to 151 of 195, columns 84 to 167 of 301]
6384 6381 6379 6377 6376 6375 6374 6373 6373 6373 6373 6373 6373 6374 6375 6376 6377 6378 6380 6381 6382 6383 6385 6386 6387 6389 6390 6391 6392 6393 6395 6396 6397 6398 6399 6400 6400 6401 6401 6402 6402 6401 6401 6400 6400 6399 6398 6397 6396 6395 6395 6394 6394 6394 6394 6393 6393 6394 6394 6395 6395 6396 6397 6399 6400 6402 6404 6405 6408 6410 6412 6415 6417 6420 6423 6426 6429 6431 6434 6437 6440 6444 6447 6450
6392 6390 6388 6386 6385 6384 6383 6382 6382 6381 6381 6382 6382 6383 6384 6384 6389 6390 6391 6389 6390 6391 6392 6393 6395 6396 6397 6398 6399 6400 6401 6401 6402 6403 6404 6404 6405 6405 6405 6405 6405 6404 6403 6403 6401 6400 6399 6398 6397 6396 6395 6394 6394 6393 6393 6392 6392 6392 6392 6393 6393 6394 6395 6396 6397 6399 6400 6402 6404 6406 6409 6411 6413 6416 6419 6421 6424 6427 6430 6433 6436 6439 6442 6445
6401 6399 6397 6395 6394 6393 6392 6391 6391 6390 6390 6391 6391 6392 6392 6397 6397 6398 6398 6399 6400 6401 6402 6401 6402 6403 6404 6404 6405 6406 6407 6407 6408 6408 6409 6409 6409 6409 6409 6408 6408 6407 6406 6405 6403 6402 6400 6399 6397 6396 6395 6394 6393 6392 6392 6391 6391 6390 6390 6391 6391 6391 6392 6393 6394 6396 6397 6399 6401 6403 6405 6407 6409 6412 6414 6417 6420 6423 6425 6428 6431 6434 6437 6440
6410 6408 6406 6404 6403 6402 6401 6400 6400 6399 6399 6399 6400 6400 6404 6404 6405 6405 6406 6407 6407 6408 6409 6409 6410 6410 6410 6411 6411 6412 6412 6413 6413 6413 6413 6413 6413 6413 6413 6412 6411 6410 6408 6407 6405 6403 6401 6400 6398 6396 6395 6394 6393 6391 6390 6390 6389 6389 6388 6388 6388 6389 6389 6390 6391 6392 6394 6395 6397 6399 6401 6403 6405 6407 6410 6412 6415 6418 6420 6423 6426 6429 6432 6435
6418 6417 6415 6413 6412 6411 6410 6409 6409 6408 6408 6408 6408 6409 6412 6412 6412 6413 6413 6414 6414 6415 6415 6416 6416 6417 6417 6417 6418 6418 6418 6418 6418 6418 6418 6418 6417 6417 6416 6415 6414 6412 6410 6409 6407 6404 6402 6400 6398 6396 6394 6394 6392 6391 6389 6388 6387 6387 6386 6386 6386 6386 6387 6387 6388 6389 6390 6392 6393 6395 6397 6399 6401 6403 6405 6408 6410 6413 6415 6418 6421 6424 6426 6429
6427 6426 6424 6422 6421 6420 6419 6418 6418 6417 6417 6417 6417 6417 6420 6420 6420 6420 6420 6421 6421 6421 6422 6422 6423 6423 6423 6423 6424 6424 6424 6423 6423 6423 6423 6422 6421 6420 6419 6418 6416 6414 6412 6410 6408 6406 6403 6401 6399 6396 6394 6393 6391 6389 6388 6387 6386 6385 6384 6384 6383 6383 6384 6384 6385 6386 6387 6388 6389 6391 6393 6394 6396 6398 6401 6403 6405 6408 6410 6413 6415 6418 6421 6424
6436 6435 6433 6431 6430 6429 6428 6427 6426 6426 6426 6426 6425 6426 6427 6427 6427 6427 6427 6427 6428 6428 6428 6428 6429 6429 6429 6429 6429 6429 6429 6429 6428 6428 6427 6426 6425 6424 6423 6421 6419 6417 6415 6412 6409 6407 6404 6401 6399 6396 6394 6393 6390 6388 6387 6385 6384 6383 6382 6381 6381 6381 6381 6381 6382 6382 6383 6384 6386 6387 6388 6390 6392 6394 6396 6398 6400 6403 6405 6408 6410 6413 6415 6418
6445 6443 6442 6440 6439 6438 6437 6436 6435 6435 6434 6434 6434 6434 6434 6434 6434 6434 6434 6434 6434 6434 6434 6434 6434 6434 6435 6435 6435 6435 6434 6434 6433 6432 6431 6430 6429 6427 6426 6424 6421 6419 6416 6414 6411 6408 6405 6402 6399 6396 6394 6392 6390 6387 6385 6384 6382 6381 6380 6379 6378 6378 6378 6378 6378 6379 6380 6381 6382 6383 6384 6386 6388 6389 6391 6393 6395 6398 6400 6402 6405 6407 6410 6412
6454 6452 6451 6449 6451 6449 6448 6447 6444 6443 6443 6442 6442 6442 6441 6441 6441 6441 6441 6440 6440 6440 6440 6440 6440 6441 6441 6441 6440 6440 6439 6438 6437 6436 6435 6434 6432 6431 6429 6426 6424 6421 6418 6415 6412 6409 6406 6403 6399 6396 6393 6391 6389 6386 6384 6382 6381 6379 6378 6377 6376 6375 6375 6375 6375 6376 6376 6377 6378 6379 6380 6382 6383 6385 6387 6388 6390 6393 6395 6397 6399 6402 6404 6407
6463 6461 6462 6461 6459 6457 6456 6454 6453 6451 6451 6450 6450 6449 6448 6448 6447 6447 6447 6447 6446 6446 6446 6446 6445 6447 6447 6446 6445 6445 6444 6443 6442 6440 6439 6437 6436 6434 6431 6429 6426 6423 6420 6417 6414 6410 6407 6403 6400 6396 6393 6391 6388 6386 6383 6381 6379 6377 6376 6375 6374 6373 6373 6372 6372 6373 6373 6374 6374 6375 6376 6378 6379 6380 6382 6384 6386 6388 6390 6392 6394 6396 6399 6401
6474 6472 6470 6468 6466 6465 6463 6462 6460 6459 6458 6457 6456 6456 6455 6454 6454 6453 6453 6453 6452 6452 6451 6451 6451 6453 6452 6451 6450 6449 6448 6447 6446 6444 6443 6441 6439 6437 6434 6432 6429 6425 6422 6418 6415 6411 6407 6404 6400 6396 6393 6390 6388 6385 6382 6380 6377 6376 6374 6373 6371 6371 6370 6370 6369 6369 6370 6370 6371 6372 6372 6374 6375 6376 6378 6379 6381 6383 6385 6387 6389 6391 6393 6396
6481 6479 6477 6476 6474 6472 6471 6469 6468 6466 6465 6464 6463 6462 6461 6461 6460 6459 6459 6458 6458 6457 6457 6456 6456 6455 6457 6456 6455 6454 6453 6451 6450 6448 6446 6444 6442 6440 6437 6434 6431 6427 6424 6420 6416 6412 6408 6404 6400 6396 6393 6389 6387 6384 6381 6379 6376 6374 6372 6371 6369 6368 6368 6367 6367 6367 6367 6367 6367 6368 6369 6370 6371 6372 6373 6375 6377 6378 6380 6382 6384 6386 6388 6390
6489 6487 6485 6483 6481 6479 6478 6476 6475 6473 6472 6471 6470 6469 6468 6467 6466 6465 6465 6464 6463 6463 6462 6461 6461 6460 6462 6461 6460 6458 6457 6455 6454 6452 6450 6448 6445 6442 6440 6436 6433 6429 6426 6422 6418 6413 6409 6405 6401 6397 6393 6389 6387 6383 6380 6378 6375 6373 6371 6369 6368 6366 6365 6365 6364 6364 6364 6364 6364 6365 6365 6366 6367 6368 6369 6371 6372 6374 6375 6377 6379 6381 6383 6385
6496 6494 6492 6490 6488 6487 6485 6483 6481 6480 6479 6477 6476 6475 6474 6473 6472 6471 6470 6470 6469 6468 6467 6466 6465 6464 6467 6466 6464 6463 6461 6459 6457 6455 6453 6451 6448 6445 6442 6439 6435 6431 6427 6423 6419 6415 6410 6406 6401 6397 6393 6389 6385 6383 6380 6377 6374 6372 6369 6368 6366 6365 6363 6363 6362 6361 6361 6361 6361 6362 6362 6363 6364 6364 6366 6367 6368 6369 6371 6373 6374 6376 6378 6380
6503 6501 6499 6497 6495 6493 6492 6490 6488 6487 6485 6484 6482 6481 6480 6479 6478 6477 6476 6475 6474 6473 6472 6471 6470 6469 6472 6470 6469 6467 6465 6463 6461 6459 6456 6454 6451 6448 6445 6441 6437 6433 6429 6425 6420 6416 6411 6406 6402 6397 6393 6389 6385 6383 6379 6376 6373 6371 6368 6366 6364 6363 6362 6361 6360 6359 6359 6359 6359 6359 6359 6360 6360 6361 6362 6363 6364 6365 6367 6368 6370 6372 6374 6376
6510 6508 6506 6504 6502 6500 6498 6496 6495 6493 6491 6490 6489 6487 6486 6485 6484 6482 6481 6480 6479 6478 6477 6476 6474 6473 6472 6475 6473 6471 6469 6467 6465 6462 6460 6457 6454 6451 6447 6443 6439 6435 6431 6426 6422 6417 6412 6407 6403 6398 6393 6389 6385 6381 6379 6376 6373 6370 6367 6365 6363 6361 6360 6359 6358 6357 6357 6356 6356 6356 6356 6356 6357 6358 6358 6359 6360 6361 6363 6364 6366 6367 6369 6371
6517 6515 6513 6511 6509 6507 6505 6503 6501 6499 6498 6496 6495 6493 6492 6490 6489 6488 6487 6485 6484 6483 6482 6480 6479 6477 6476 6479 6477 6475 6473 6471 6468 6466 6463 6460 6457 6453 6450 6446 6442 6437 6433 6428 6423 6418 6413 6408 6403 6398 6394 6389 6385 6381 6379 6375 6372 6369 6366 6364 6362 6360 6359 6357 6356 6355 6354 6354 6354 6353 6353 6354 6354 6354 6355 6356 6357 6358 6359 6360 6362 6363 6365 6367
6524 6522 6520 6517 6515 6513 6511 6509 6507 6505 6504 6502 6500 6499 6497 6496 6494 6493 6492 6490 6489 6488 6486 6485 6483 6482 6480 6478 6481 6479 6477 6474 6472 6469 6466 6463 6459 6456 6452 6448 6444 6439 6434 6429 6424 6419 6414 6409 6404 6399 6394 6390 6385 6381 6377 6375 6371 6368 6366 6363 6361 6359 6357 6356 6354 6353 6352 6352 6351 6351 6351 6351 6351 6351 6352 6352 6353 6354 6355 6356 6358 6359 6361 6362
6530 6528 6526 6524 6522 6519 6517 6515 6513 6511 6509 6508 6506 6504 6503 6501 6500 6498 6497 6495 6494 6492 6491 6489 6488 6486 6484 6482 6485 6483 6480 6478 6475 6472 6469 6466 6462 6458 6454 6450 6446 6441 6436 6431 6426 6421 6415 6410 6405 6400 6395 6390 6385 6381 6377 6374 6371 6368 6365 6362 6360 6358 6356 6354 6353 6351 6350 6350 6349 6349 6348 6348 6348 6348 6349 6349 6350 6351 6352 6353 6354 6355 6357 6358
6537 6535 6532 6530 6528 6525 6523 6521 6519 6517 6515 6513 6511 6510 6508 6506 6505 6503 6502 6500 6498 6497 6495 6493 6492 6490 6488 6486 6489 6487 6484 6481 6478 6475 6472 6469 6465 6461 6457 6452 6448 6443 6438 6432 6427 6422 6416 6411 6406 6400 6395 6390 6385 6381 6377 6374 6371 6367 6364 6361 6359 6357 6355 6353 6351 6350 6349 6348 6347 6346 6346 6346 6345 6345 6346 6346 6347 6347 6348 6349 6350 6351 6353 6358
6543 6541 6538 6536 6534 6531 6529 6527 6525 6522 6520 6519 6517 6515 6513 6511 6510 6508 6506 6505 6503 6501 6499 6498 6496 6494 6492 6490 6487 6490 6488 6485 6482 6478 6475 6471 6467 6463 6459 6454 6449 6444 6439 6434 6428 6423 6417 6412 6406 6401 6396 6390 6386 6381 6377 6374 6370 6367 6364 6361 6358 6355 6353 6351 6350 6348 6347 6346 6345 6344 6343 6343 6343 6343 6343 6343 6343 6344 6345 6349 6350 6351 6353 6354
6549 6547 6544 6542 6539 6537 6535 6532 6530 6528 6526 6524 6522 6520 6518 6516 6514 6513 6511 6509 6507 6506 6504 6502 6500 6498 6495 6493 6491 6488 6491 6488 6485 6481 6478 6474 6470 6466 6461 6456 6451 6446 6441 6435 6430 6424 6418 6412 6407 6401 6396 6391 6386 6381 6376 6374 6370 6366 6363 6360 6357 6354 6352 6350 6348 6347 6345 6344 6343 6342 6341 6341 6340 6340 6340 6340 6344 6345 6345 6346 6347 6348 6349 6350
6555 6552 6550 6547 6545 6542 6540 6538 6535 6533 6531 6529 6527 6525 6523 6521 6519 6517 6515 6513 6512 6510 6508 6506 6504 6501 6499 6497 6494 6492 6494 6491 6488 6484 6481 6477 6472 6468 6463 6458 6453 6448 6442 6436 6431 6425 6419 6413 6407 6402 6396 6391 6386 6381 6377 6373 6369 6366 6362 6359 6356 6353 6351 6349 6347 6345 6343 6342 6341 6340 6339 6338 6338 6337 6337 6341 6341 6342 6342 6343 6343 6344 6345 6346
6560 6558 6555 6553 6550 6548 6545 6543 6540 6538 6536 6534 6531 6529 6527 6525 6523 6522 6520 6518 6516 6514 6512 6510 6507 6505 6503 6500 6498 6495 6492 6494 6491 6487 6483 6479 6475 6470 6465 6460 6455 6449 6443 6438 6432 6426 6420 6414 6408 6402 6397 6391 6386 6381 6377 6373 6369 6365 6362 6358 6355 6352 6350 6347 6345 6343 6342 6340 6339 6338 6337 6336 6335 6335 6334 6338 6338 6339 6339 6339 6340 6341 6342 6343
6566 6563 6561 6558 6555 6553 6550 6548 6545 6543 6541 6538 6536 6534 6532 6530 6528 6526 6524 6522 6520 6518 6516 6513 6511 6509 6506 6504 6501 6498 6495 6497 6494 6490 6486 6481 6477 6472 6467 6462 6456 6450 6445 6439 6433 6427 6420 6414 6408 6403 6397 6391 6386 6381 6377 6373 6368 6364 6361 6357 6354 6351 6349 6346 6344 6342 6340 6338 6337 6336 6335 6334 6333 6332 6336 6336 6336 6336 6336 6336 6337 6337 6338 6339
6571 6568 6566 6563 6560 6558 6555 6553 6550 6548 6545 6543 6541 6539 6536 6534 6532 6530 6528 6526 6524 6522 6520 6517 6515 6512 6510 6507 6504 6501 6498 6501 6497 6493 6488 6484 6479 6474 6469 6463 6458 6452 6446 6440 6433 6427 6421 6415 6409 6403 6397 6391 6386 6382 6377 6372 6368 6364 6360 6357 6353 6350 6347 6345 6343 6340 6338 6337 6335 6334 6333 6331 6331 6334 6333 6333 6333 6333 6333 6333 6334 6334 6335 6336
6576 6573 6571 6568 6565 6563 6560 6557 6555 6552 6550 6547 6545 6543 6541 6539 6536 6534 6532 6530 6528 6526 6523 6521 6518 6516 6513 6510 6508 6504 6501 6498 6499 6495 6491 6486 6481 6476 6470 6465 6459 6453 6447 6441 6434 6428 6422 6415 6409 6403 6397 6391 6386 6381 6377 6372 6367 6363 6359 6356 6352 6349 6346 6344 6341 6339 6337 6335 6333 6332 6331 6329 6328 6332 6331 6331 6330 6330 6330 6330 6331 6331 6332 6332
6580 6578 6575 6573 6570 6567 6565 6562 6559 6557 6554 6552 6549 6547 6545 6543 6540 6538 6536 6534 6532 6529 6527 6525 6522 6519 6517 6514 6511 6507 6504 6501 6497 6498 6493 6488 6483 6478 6472 6466 6460 6454 6448 6441 6435 6429 6422 6416 6410 6403 6397 6391 6386 6381 6376 6372 6367 6363 6359 6355 6352 6348 6345 6343 6340 6338 6335 6333 6332 6330 6329 6327 6330 6329 6329 6328 6328 6327 6327 6327 6328 6328 6328 6329
6585 6582 6580 6577 6574 6572 6569 6566 6564 6561 6559 6556 6554 6551 6549 6547 6544 6542 6540 6538 6535 6533 6531 6528 6525 6523 6520 6517 6514 6510 6507 6503 6499 6495 6495 6490 6485 6479 6474 6468 6461 6455 6449 6442 6436 6429 6423 6416 6410 6404 6397 6391 6387 6381 6376 6371 6367 6362 6358 6354 6351 6348 6344 6342 6339 6336 6334 6332 6330 6328 6327 6325 6328 6327 6327 6326 6325 6325 6325 6325 6325 6325 6325 6326
6589 6587 6584 6581 6579 6576 6573 6571 6568 6565 6563 6560 6558 6555 6553 6551 6548 6546 6544 6541 6539 6537 6534 6531 6529 6526 6523 6520 6517 6513 6510 6506 6502 6497 6497 6492 6487 6481 6475 6469 6463 6456 6450 6443 6436 6430 6423 6417 6410 6404 6398 6392 6387 6381 6376 6371 6366 6362 6358 6354 6350 6347 6344 6341 6338 6335 6333 6331 6329 6327 6325 6328 6327 6325 6324 6324 6323 6323 6322 6322 6322 6322 6322 6323
6593 6591 6588 6585 6583 6580 6577 6575 6572 6569 6567 6564 6562 6559 6557 6554 6552 6550 6547 6545 6542 6540 6537 6535 6532 6529 6526 6523 6519 6516 6512 6508 6504 6500 6495 6494 6488 6482 6476 6470 6464 6457 6450 6444 6437 6430 6424 6417 6410 6404 6398 6392 6387 6381 6376 6371 6366 6362 6357 6353 6350 6346 6343 6340 6337 6334 6332 6329 6327 6325 6324 6326 6325 6324 6323 6322 6321 6320 6320 6320 6319 6319 6320 6320
6597 6594 6592 6589 6587 6584 6581 6578 6576 6573 6570 6568 6565 6563 6560 6558 6555 6553 6551 6548 6546 6543 6541 6538 6535 6532 6529 6525 6522 6518 6515 6510 6506 6501 6497 6495 6489 6483 6477 6471 6464 6458 6451 6444 6437 6431 6424 6417 6411 6404 6398 6393 6387 6381 6376 6371 6366 6361 6357 6353 6349 6346 6342 6339 6336 6333 6331 6328 6326 6324 6326 6325 6323 6322 6321 6320 6319 6318 6318 6317 6317 6317 6317 6317
6600 6598 6595 6593 6590 6587 6585 6582 6579 6576 6574 6571 6569 6566 6564 6561 6559 6556 6554 6551 6549 6546 6543 6541 6538 6535 6531 6528 6524 6521 6517 6512 6508 6503 6498 6496 6491 6485 6478 6472 6465 6458 6452 6445 6438 6431 6424 6418 6411 6404 6398 6393 6387 6381 6376 6371 6366 6361 6357 6353 6349 6345 6342 6338 6335 6333 6330 6327 6325 6323 6325 6324 6322 6321 6319 6318 6317 6316 6316 6315 6315 6314 6314 6315
6603 6601 6598 6596 6593 6590 6588 6585 6582 6580 6577 6574 6572 6569 6567 6564 6562 6559 6557 6554 6551 6549 6546 6543 6540 6537 6534 6530 6526 6523 6519 6514 6510 6505 6500 6494 6492 6485 6479 6473 6466 6459 6452 6445 6438 6432 6425 6418 6411 6405 6398 6393 6387 6382 6376 6371 6366 6362 6357 6353 6349 6345 6341 6338 6335 6332 6329 6327 6324 6322 6324 6323 6321 6319 6318 6317 6316 6315 6314 6313 6313 6312 6312 6312
6606 6604 6601 6598 6596 6593 6590 6588 6585 6582 6580 6577 6574 6572 6569 6567 6564 6562 6559 6556 6554 6551 6548 6545 6542 6539 6536 6532 6528 6524 6520 6516 6511 6506 6501 6496 6492 6486 6480 6473 6466 6460 6453 6446 6439 6432 6425 6418 6412 6405 6400 6394 6388 6382 6377 6372 6367 6362 6357 6353 6349 6345 6341 6338 6335 6332 6329 6326 6324 6326 6324 6322 6320 6318 6317 6315 6314 6313 6312 6311 6311 6310 6310 6310
6608 6606 6603 6601 6598 6595 6593 6590 6587 6585 6582 6579 6577 6574 6571 6569 6566 6564 6561 6558 6556 6553 6550 6547 6544 6541 6537 6534 6530 6526 6522 6517 6512 6507 6502 6497 6491 6487 6480 6474 6467 6460 6453 6446 6439 6433 6426 6419 6412 6407 6401 6394 6389 6383 6377 6372 6367 6362 6358 6353 6349 6345 6342 6338 6335 6332 6329 6326 6323 6326 6323 6321 6319 6318 6316 6314 6313 6312 6311 6310 6309 6308 6308 6308
6610 6607 6605 6602 6600 6597 6594 6592 6589 6586 6584 6581 6578 6576 6573 6571 6568 6565 6563 6560 6557 6554 6552 6549 6545 6542 6538 6535 6531 6527 6523 6518 6513 6508 6503 6497 6492 6486 6481 6474 6467 6460 6454 6447 6440 6433 6426 6420 6414 6408 6401 6395 6389 6384 6378 6373 6368 6363 6358 6354 6350 6346 6342 6339 6335 6332 6329 6326 6328 6326 6323 6321 6319 6317 6315 6314 6312 6311 6310 6308 6308 6307 6306 6306
6611 6609 6606 6603 6601 6598 6596 6593 6590 6588 6585 6582 6580 6577 6574 6572 6569 6567 6564 6561 6558 6556 6553 6549 6546 6543 6539 6536 6532 6528 6523 6519 6514 6509 6504 6498 6492 6486 6480 6474 6467 6461 6454 6447 6440 6434 6428 6421 6415 6409 6402 6396 6390 6385 6379 6374 6369 6364 6359 6355 6351 6347 6343 6339 6336 6333 6330 6327 6328 6326 6323 6321 6319 6317 6315 6313 6312 6310 6309 6307 6306 6305 6305 6304
