input/I57/I57_100yr24ha.asc
ncols        301
nrows        195
xllcorner    -92.313182000000
yllcorner    35.829066000000
cellsize     0.008333000000
NODATA_value -9
[rows 152 to 189 of 195, columns 168 to 251 of 301]
7926 7925 7925 7925 7925 7925 7926 7926 7927 7929 7930 7932 7934 7937 7939 7942 7945 7948 7952 7955 7959 7963 7966 7970 7974 7978 7982 7986 7990 7995 7999 8003 8008 8013 8017 8022 8027 8032 8038 8043 8048 8054 8060 8066 8072 8078 8084 8091 8098 8105 8112 8119 8127 8134 8142 8150 8159 8167 8176 8185 8194 8203 8213 8223 8232 8243 8253 8263 8274 8284 8295 8306 8317 8327 8338 8348 8358 8367 8376 8385 8393 8400 8407 8414
7918 7917 7917 7916 7916 7916 7916 7916 7917 7918 7919 7921 7923 7925 7927 7930 7932 7935 7938 7942 7945 7948 7952 7956 7959 7963 7967 7971 7975 7979 7983 7988 7992 7997 8001 8006 8011 8016 8021 8027 8032 8038 8043 8049 8055 8062 8068 8075 8081 8088 8096 8103 8111 8118 8126 8134 8143 8151 8160 8169 8178 8188 8197 8207 8217 8227 8238 8248 8259 8269 8280 8291 8302 8312 8323 8333 8343 8353 8362 8370 8378 8386 8393 8399
7911 7910 7908 7908 7907 7907 7906 7906 7907 7907 7908 7910 7911 7913 7915 7917 7920 7922 7925 7928 7931 7934 7938 7941 7944 7948 7952 7956 7960 7964 7968 7972 7976 7981 7985 7990 7995 8000 8005 8010 8016 8021 8027 8033 8039 8045 8052 8058 8065 8072 8080 8087 8095 8102 8110 8119 8127 8136 8145 8154 8163 8173 8182 8192 8202 8212 8223 8233 8244 8255 8265 8276 8287 8298 8308 8319 8329 8338 8347 8355 8363 8371 8378 8384
7903 7902 7900 7899 7898 7898 7897 7897 7897 7897 7898 7898 7900 7901 7903 7905 7907 7909 7912 7914 7917 7920 7923 7926 7930 7933 7937 7940 7944 7948 7952 7956 7960 7965 7969 7974 7979 7984 7989 7994 7999 8005 8011 8017 8023 8029 8036 8042 8049 8056 8063 8071 8079 8087 8095 8103 8111 8120 8129 8138 8148 8157 8167 8177 8187 8197 8208 8218 8229 8240 8251 8262 8273 8283 8294 8304 8314 8324 8333 8341 8349 8356 8363 8370
7896 7894 7893 7891 7890 7889 7888 7887 7887 7887 7887 7887 7888 7889 7891 7892 7894 7896 7898 7901 7903 7906 7909 7912 7915 7918 7922 7925 7929 7932 7936 7940 7945 7949 7953 7958 7963 7968 7973 7978 7983 7989 7995 8001 8007 8013 8019 8026 8033 8040 8048 8055 8063 8071 8079 8087 8096 8105 8114 8123 8133 8142 8152 8162 8172 8183 8193 8204 8215 8225 8236 8247 8258 8269 8280 8290 8300 8309 8318 8327 8335 8342 8349 8355
7889 7887 7885 7883 7881 7880 7879 7878 7877 7876 7876 7876 7877 7877 7878 7880 7881 7883 7885 7887 7889 7892 7894 7897 7900 7903 7906 7910 7913 7917 7921 7925 7929 7933 7937 7942 7947 7951 7956 7962 7967 7973 7978 7984 7991 7997 8003 8010 8017 8024 8032 8039 8047 8055 8064 8072 8081 8090 8099 8108 8118 8128 8137 8148 8158 8168 8179 8190 8200 8211 8222 8233 8244 8255 8266 8276 8286 8295 8304 8313 8320 8328 8334 8341
7883 7880 7878 7875 7873 7871 7870 7868 7867 7866 7866 7865 7866 7866 7866 7867 7869 7870 7872 7874 7876 7878 7880 7883 7885 7888 7891 7894 7898 7901 7905 7909 7913 7917 7921 7926 7931 7935 7940 7946 7951 7957 7962 7968 7975 7981 7988 7994 8001 8009 8016 8024 8032 8040 8048 8057 8066 8075 8084 8093 8103 8113 8123 8133 8144 8154 8165 8175 8186 8197 8208 8219 8230 8241 8252 8262 8272 8281 8290 8298 8306 8313 8320 8326
7876 7873 7870 7868 7865 7863 7861 7859 7858 7856 7855 7855 7854 7854 7855 7855 7856 7857 7858 7860 7862 7864 7866 7868 7871 7873 7876 7879 7882 7886 7889 7893 7897 7901 7905 7910 7915 7919 7924 7930 7935 7941 7946 7952 7959 7965 7972 7979 7986 7993 8001 8008 8016 8025 8033 8042 8051 8060 8069 8079 8089 8099 8109 8119 8130 8140 8151 8162 8173 8184 8195 8206 8217 8227 8238 8248 8258 8267 8276 8284 8292 8299 8306 8312
7870 7867 7863 7860 7857 7855 7852 7850 7848 7846 7845 7844 7843 7843 7843 7843 7843 7844 7845 7846 7848 7850 7852 7854 7856 7858 7861 7864 7867 7870 7874 7878 7881 7885 7890 7894 7899 7903 7908 7914 7919 7925 7930 7937 7943 7949 7956 7963 7970 7978 7985 7993 8001 8010 8018 8027 8036 8046 8055 8065 8075 8085 8095 8105 8116 8126 8137 8148 8159 8170 8181 8192 8203 8214 8224 8235 8244 8254 8262 8271 8278 8285 8292 8298
7864 7860 7856 7853 7850 7847 7844 7841 7839 7837 7835 7833 7832 7831 7831 7831 7831 7831 7832 7833 7834 7836 7837 7839 7841 7844 7846 7849 7852 7855 7858 7862 7866 7870 7874 7878 7883 7888 7893 7898 7903 7909 7915 7921 7927 7934 7941 7948 7955 7962 7970 7978 7986 7995 8004 8013 8022 8031 8041 8051 8061 8071 8081 8092 8102 8113 8124 8135 8146 8157 8168 8179 8190 8201 8211 8221 8231 8240 8249 8257 8265 8272 8278 8284
7858 7853 7850 7846 7842 7839 7835 7832 7829 7827 7825 7823 7821 7820 7819 7819 7819 7819 7819 7820 7821 7822 7823 7825 7827 7829 7831 7834 7837 7840 7843 7847 7850 7854 7858 7863 7867 7872 7877 7882 7888 7893 7899 7905 7912 7918 7925 7932 7940 7947 7955 7963 7972 7980 7989 7998 8008 8017 8027 8037 8047 8057 8068 8078 8089 8100 8111 8122 8133 8144 8155 8166 8177 8187 8198 8208 8218 8227 8235 8243 8251 8258 8264 8270
7852 7847 7843 7839 7835 7831 7827 7824 7820 7817 7815 7812 7811 7809 7808 7807 7806 7806 7806 7807 7807 7808 7809 7811 7812 7814 7817 7819 7822 7825 7828 7831 7835 7839 7843 7847 7852 7856 7861 7867 7872 7878 7884 7890 7897 7903 7910 7917 7925 7933 7941 7949 7957 7966 7975 7984 7994 8004 8013 8023 8034 8044 8055 8065 8076 8087 8098 8109 8120 8131 8142 8153 8164 8175 8185 8195 8205 8214 8222 8230 8237 8244 8250 8256
7846 7841 7836 7832 7827 7823 7819 7815 7811 7808 7805 7802 7800 7798 7796 7795 7794 7794 7793 7793 7794 7795 7796 7797 7798 7800 7802 7804 7807 7810 7813 7816 7820 7824 7828 7832 7837 7841 7846 7852 7857 7863 7869 7875 7882 7888 7895 7903 7910 7918 7926 7935 7943 7952 7961 7971 7980 7990 8000 8010 8021 8031 8042 8053 8063 8074 8085 8096 8108 8119 8130 8141 8151 8162 8172 8182 8192 8201 8209 8217 8224 8231 8237 8242
7840 7835 7830 7825 7820 7815 7811 7806 7802 7799 7795 7792 7789 7787 7785 7783 7782 7781 7781 7781 7781 7781 7782 7783 7784 7786 7788 7790 7792 7795 7798 7801 7805 7809 7813 7817 7822 7826 7831 7837 7842 7848 7854 7860 7867 7874 7881 7888 7896 7904 7912 7921 7930 7939 7948 7957 7967 7977 7987 7998 8008 8019 8029 8040 8051 8062 8073 8084 8095 8106 8117 8128 8139 8149 8160 8169 8179 8188 8196 8204 8211 8217 8223 8228
7835 7829 7823 7818 7813 7808 7803 7798 7794 7790 7786 7782 7779 7776 7774 7772 7771 7769 7768 7768 7768 7768 7769 7769 7771 7772 7774 7776 7778 7781 7784 7787 7790 7794 7798 7802 7807 7812 7817 7822 7828 7833 7840 7846 7853 7860 7867 7874 7882 7890 7899 7907 7916 7925 7935 7944 7954 7964 7975 7985 7996 8006 8017 8028 8039 8050 8061 8072 8083 8094 8105 8116 8127 8137 8147 8157 8166 8175 8183 8191 8198 8204 8210 8215
7829 7823 7817 7811 7806 7800 7795 7790 7785 7781 7776 7773 7769 7766 7763 7761 7759 7758 7756 7756 7755 7755 7756 7756 7757 7759 7760 7762 7764 7767 7770 7773 7776 7780 7784 7788 7793 7797 7803 7808 7813 7819 7825 7832 7839 7846 7853 7861 7869 7877 7885 7894 7903 7912 7922 7932 7942 7952 7963 7973 7984 7995 8006 8017 8028 8039 8050 8061 8072 8083 8094 8104 8115 8125 8135 8145 8154 8162 8170 8178 8185 8191 8196 8202
7824 7817 7811 7805 7799 7793 7788 7782 7777 7772 7767 7763 7759 7756 7753 7750 7748 7746 7745 7744 7743 7743 7743 7743 7744 7745 7747 7749 7751 7753 7756 7759 7763 7766 7770 7774 7779 7784 7789 7794 7800 7806 7812 7818 7825 7832 7840 7847 7856 7864 7872 7881 7891 7900 7910 7920 7930 7940 7951 7961 7972 7983 7994 8005 8016 8027 8038 8050 8060 8071 8082 8093 8103 8113 8123 8133 8142 8150 8158 8165 8172 8178 8183 8188
7818 7812 7805 7799 7792 7786 7780 7774 7769 7763 7758 7754 7750 7746 7743 7740 7737 7735 7733 7732 7731 7731 7731 7731 7732 7733 7734 7736 7738 7740 7743 7746 7749 7753 7757 7761 7766 7770 7775 7781 7787 7793 7799 7805 7812 7819 7827 7835 7843 7851 7860 7869 7878 7888 7898 7908 7918 7929 7939 7950 7961 7972 7983 7994 8005 8016 8028 8039 8050 8060 8071 8082 8092 8102 8112 8121 8130 8138 8146 8153 8159 8165 8170 8175
7813 7806 7799 7792 7786 7779 7773 7767 7761 7755 7750 7745 7740 7736 7733 7729 7727 7724 7722 7721 7720 7719 7719 7719 7720 7720 7722 7723 7725 7728 7730 7733 7737 7740 7744 7748 7753 7758 7763 7768 7774 7780 7786 7793 7800 7807 7815 7823 7831 7839 7848 7857 7867 7877 7887 7897 7907 7918 7929 7939 7950 7962 7973 7984 7995 8006 8017 8028 8039 8050 8060 8071 8081 8091 8100 8109 8118 8126 8133 8140 8147 8152 8158 8162
7808 7801 7793 7786 7779 7772 7766 7759 7753 7747 7742 7736 7731 7727 7723 7720 7717 7714 7712 7710 7709 7708 7708 7707 7708 7709 7710 7711 7713 7715 7718 7721 7724 7728 7732 7736 7741 7745 7751 7756 7762 7768 7774 7781 7788 7795 7803 7811 7819 7828 7837 7846 7856 7866 7876 7886 7897 7907 7918 7929 7940 7951 7962 7974 7985 7996 8007 8018 8029 8039 8050 8060 8070 8080 8089 8098 8106 8114 8121 8128 8134 8140 8145 8149
7802 7795 7788 7780 7773 7766 7759 7752 7746 7739 7733 7728 7723 7718 7714 7710 7707 7704 7702 7700 7698 7697 7697 7696 7697 7697 7698 7700 7702 7704 7706 7709 7713 7716 7720 7724 7729 7734 7739 7744 7750 7756 7763 7770 7777 7784 7792 7800 7808 7817 7826 7836 7845 7855 7865 7876 7886 7897 7908 7919 7930 7941 7953 7964 7975 7986 7997 8008 8019 8029 8039 8050 8059 8069 8078 8087 8095 8103 8110 8116 8122 8128 8132 8137
7797 7790 7782 7774 7767 7759 7752 7745 7738 7732 7726 7720 7715 7710 7705 7701 7698 7695 7692 7690 7688 7687 7686 7686 7686 7687 7688 7689 7691 7693 7695 7698 7702 7705 7709 7713 7718 7723 7728 7734 7739 7745 7752 7759 7766 7773 7781 7789 7798 7807 7816 7825 7835 7845 7855 7866 7877 7887 7898 7910 7921 7932 7943 7954 7965 7976 7987 7998 8009 8019 8030 8040 8049 8059 8068 8076 8084 8092 8098 8105 8111 8116 8120 8124
7792 7784 7776 7769 7761 7753 7746 7738 7731 7725 7718 7712 7707 7701 7697 7692 7689 7685 7683 7680 7679 7677 7676 7676 7676 7676 7677 7679 7680 7682 7685 7688 7691 7695 7699 7703 7707 7712 7718 7723 7729 7735 7742 7749 7756 7763 7771 7779 7788 7797 7806 7816 7826 7836 7846 7857 7867 7878 7889 7901 7912 7923 7934 7945 7956 7967 7978 7989 8000 8010 8020 8030 8039 8049 8057 8066 8074 8081 8087 8094 8099 8104 8109 8112
7787 7779 7771 7763 7755 7747 7739 7732 7725 7718 7711 7705 7699 7694 7689 7684 7680 7677 7674 7671 7669 7668 7667 7666 7666 7667 7667 7669 7670 7673 7675 7678 7681 7685 7689 7693 7698 7703 7708 7713 7719 7726 7732 7739 7746 7754 7762 7770 7779 7788 7797 7807 7817 7827 7837 7848 7859 7870 7881 7892 7903 7914 7925 7937 7948 7959 7969 7980 7991 8001 8011 8021 8030 8039 8048 8056 8063 8070 8077 8083 8088 8093 8097 8101
7782 7774 7766 7757 7749 7741 7733 7726 7718 7711 7704 7698 7692 7686 7681 7676 7672 7669 7666 7663 7661 7659 7658 7657 7657 7657 7658 7659 7661 7663 7666 7669 7672 7675 7679 7684 7688 7693 7699 7704 7710 7716 7723 7730 7737 7745 7753 7761 7770 7779 7788 7798 7808 7818 7829 7839 7850 7861 7872 7884 7895 7906 7917 7928 7939 7950 7961 7972 7982 7992 8002 8012 8021 8030 8038 8046 8053 8060 8066 8072 8077 8082 8086 8089
7777 7769 7760 7752 7744 7735 7727 7720 7712 7705 7698 7691 7685 7679 7674 7669 7665 7661 7658 7655 7653 7651 7650 7649 7649 7649 7650 7651 7652 7654 7657 7660 7663 7667 7671 7675 7680 7685 7690 7696 7701 7708 7714 7721 7729 7737 7745 7753 7762 7771 7780 7790 7800 7810 7821 7831 7842 7853 7864 7876 7887 7898 7909 7920 7931 7942 7953 7963 7974 7984 7993 8003 8012 8021 8029 8036 8044 8050 8056 8062 8067 8071 8075 8078
7772 7764 7755 7747 7738 7730 7722 7714 7706 7698 7691 7685 7678 7672 7667 7662 7658 7654 7650 7647 7645 7643 7642 7641 7641 7641 7641 7643 7644 7646 7649 7652 7655 7658 7662 7667 7671 7676 7682 7687 7693 7700 7706 7713 7721 7729 7737 7745 7754 7763 7773 7782 7792 7803 7813 7824 7835 7846 7857 7868 7879 7891 7902 7913 7924 7934 7945 7955 7966 7975 7985 7994 8003 8012 8020 8027 8034 8041 8047 8052 8057 8061 8065 8068
7767 7759 7750 7742 7733 7725 7716 7708 7700 7693 7685 7679 7672 7666 7660 7655 7651 7647 7643 7640 7638 7636 7634 7633 7633 7633 7634 7635 7636 7638 7641 7644 7647 7651 7655 7659 7664 7669 7674 7680 7686 7692 7699 7706 7713 7721 7729 7738 7747 7756 7765 7775 7785 7796 7806 7817 7828 7839 7850 7861 7872 7883 7894 7905 7916 7927 7937 7948 7958 7968 7977 7986 7995 8003 8011 8018 8025 8032 8037 8042 8047 8051 8054 8057
7763 7754 7745 7737 7728 7719 7711 7703 7695 7687 7680 7673 7666 7660 7654 7649 7645 7640 7637 7634 7631 7629 7628 7627 7626 7626 7627 7628 7629 7631 7634 7637 7640 7644 7648 7652 7657 7662 7667 7673 7679 7685 7692 7699 7707 7714 7722 7731 7740 7749 7759 7768 7778 7789 7799 7810 7821 7832 7843 7854 7865 7876 7887 7898 7909 7920 7930 7940 7950 7960 7969 7978 7987 7995 8003 8010 8017 8023 8028 8033 8037 8041 8045 8047
7758 7750 7741 7732 7723 7715 7706 7698 7690 7682 7674 7667 7661 7655 7649 7643 7639 7634 7631 7628 7625 7623 7621 7620 7620 7620 7620 7621 7623 7625 7627 7630 7633 7637 7641 7645 7650 7655 7660 7666 7672 7679 7685 7693 7700 7708 7716 7725 7733 7743 7752 7762 7772 7782 7793 7804 7815 7826 7837 7848 7859 7870 7881 7892 7902 7913 7923 7933 7943 7953 7962 7971 7979 7987 7995 8002 8008 8014 8019 8024 8028 8032 8035 8038
7754 7745 7736 7728 7719 7710 7701 7693 7685 7677 7670 7662 7656 7649 7643 7638 7633 7629 7625 7622 7619 7617 7615 7614 7613 7613 7614 7615 7616 7618 7621 7624 7627 7631 7635 7639 7644 7649 7654 7660 7666 7673 7679 7686 7694 7702 7710 7719 7727 7737 7746 7756 7766 7776 7787 7798 7809 7820 7831 7842 7853 7864 7874 7885 7896 7906 7916 7926 7936 7945 7955 7963 7972 7979 7987 7994 8000 8006 8011 8015 8019 8023 8026 8029
7750 7741 7732 7723 7715 7706 7697 7689 7680 7672 7665 7658 7651 7644 7639 7633 7628 7624 7620 7617 7614 7611 7610 7609 7608 7608 7608 7609 7611 7613 7615 7618 7621 7625 7629 7633 7638 7643 7649 7654 7660 7667 7674 7681 7688 7696 7704 7713 7722 7731 7741 7750 7761 7771 7781 7792 7803 7814 7825 7836 7847 7858 7868 7879 7890 7900 7910 7920 7929 7939 7948 7956 7964 7972 7979 7986 7992 7997 8002 8007 8011 8014 8017 8019
7746 7737 7728 7719 7711 7702 7693 7684 7676 7668 7661 7653 7646 7640 7634 7628 7623 7619 7615 7612 7609 7606 7605 7603 7603 7603 7603 7604 7605 7607 7610 7613 7616 7620 7624 7628 7633 7638 7643 7649 7655 7662 7668 7676 7683 7691 7699 7708 7717 7726 7735 7745 7755 7766 7776 7787 7798 7808 7819 7830 7841 7852 7863 7873 7884 7894 7904 7913 7923 7932 7941 7949 7957 7965 7972 7978 7984 7989 7994 7999 8002 8006 8008 8011
7743 7734 7725 7716 7707 7698 7689 7681 7672 7664 7657 7649 7642 7636 7630 7624 7619 7615 7611 7607 7604 7602 7600 7599 7598 7598 7598 7599 7601 7603 7605 7608 7611 7615 7619 7623 7628 7633 7638 7644 7650 7657 7664 7671 7678 7686 7694 7703 7712 7721 7731 7740 7750 7761 7771 7782 7793 7803 7814 7825 7836 7847 7857 7868 7878 7888 7898 7907 7917 7926 7934 7942 7950 7958 7964 7971 7977 7982 7986 7991 7994 7997 8000 8002
7739 7730 7721 7712 7703 7694 7686 7677 7669 7661 7653 7645 7638 7632 7626 7620 7615 7611 7607 7603 7600 7598 7596 7594 7594 7593 7594 7595 7596 7598 7600 7603 7607 7610 7614 7619 7623 7628 7634 7640 7646 7652 7659 7666 7674 7682 7690 7698 7707 7716 7726 7736 7746 7756 7767 7777 7788 7799 7809 7820 7831 7841 7852 7862 7872 7882 7892 7901 7911 7919 7928 7936 7944 7951 7957 7964 7969 7974 7979 7983 7986 7989 7992 7994
7736 7727 7718 7709 7700 7691 7682 7674 7665 7657 7649 7642 7635 7628 7622 7617 7611 7607 7603 7599 7596 7594 7592 7591 7590 7590 7590 7591 7592 7594 7596 7599 7602 7606 7610 7614 7619 7624 7630 7635 7642 7648 7655 7662 7670 7677 7686 7694 7703 7712 7722 7732 7742 7752 7762 7773 7783 7794 7805 7816 7826 7837 7847 7857 7867 7877 7887 7896 7905 7913 7922 7930 7937 7944 7951 7956 7962 7967 7971 7975 7978 7981 7984 7986
7733 7724 7715 7706 7697 7688 7680 7671 7662 7654 7646 7639 7632 7625 7619 7613 7608 7604 7599 7596 7593 7590 7588 7587 7586 7586 7586 7587 7588 7590 7593 7596 7599 7602 7606 7611 7615 7621 7626 7632 7638 7644 7651 7658 7666 7674 7682 7690 7699 7708 7718 7728 7738 7748 7758 7769 7779 7790 7801 7811 7822 7832 7842 7852 7862 7872 7881 7890 7899 7908 7916 7923 7931 7938 7944 7950 7955 7960 7964 7968 7971 7974 7976 7978
7731 7722 7713 7704 7695 7686 7677 7668 7660 7651 7644 7636 7629 7622 7616 7610 7605 7601 7596 7593 7590 7587 7585 7584 7583 7583 7583 7584 7585 7587 7589 7592 7595 7599 7603 7607 7612 7617 7623 7628 7634 7641 7648 7655 7662 7670 7678 7687 7696 7705 7714 7724 7734 7744 7754 7765 7775 7786 7796 7807 7817 7828 7838 7848 7858 7867 7876 7885 7894 7902 7910 7917 7925 7931 7937 7943 7948 7953 7957 7960 7963 7966 7968 7970
