input/I57/I57_002yr24ha.asc
ncols        301
nrows        195
xllcorner    -92.313182000000
yllcorner    35.829066000000
cellsize     0.008333000000
NODATA_value -9
[rows 38 to 75 of 195, columns 84 to 167 of 301]
3566 3571 3576 3580 3583 3587 3591 3594 3597 3600 3603 3606 3608 3611 3613 3616 3616 3619 3621 3623 3625 3628 3630 3632 3634 3636 3638 3640 3642 3644 3646 3648 3650 3652 3653 3655 3657 3658 3659 3662 3663 3664 3664 3665 3666 3666 3667 3668 3668 3669 3670 3671 3671 3672 3673 3674 3675 3676 3677 3678 3680 3681 3682 3683 3684 3685 3687 3688 3689 3690 3692 3693 3694 3696 3697 3699 3700 3702 3703 3705 3706 3708 3709 3710
3567 3571 3576 3580 3583 3587 3590 3594 3597 3599 3602 3605 3607 3610 3612 3615 3616 3618 3620 3623 3625 3627 3629 3631 3633 3636 3638 3640 3642 3644 3646 3648 3650 3652 3653 3655 3657 3658 3660 3661 3663 3664 3665 3666 3667 3667 3668 3669 3670 3670 3671 3672 3673 3674 3675 3676 3677 3678 3679 3680 3682 3683 3684 3685 3686 3687 3689 3690 3691 3692 3694 3695 3696 3698 3699 3701 3702 3704 3705 3706 3707 3708 3709 3710
3568 3572 3576 3580 3584 3587 3590 3593 3596 3599 3602 3604 3607 3609 3612 3614 3615 3617 3620 3622 3624 3626 3628 3631 3633 3635 3637 3639 3641 3643 3645 3647 3649 3651 3653 3655 3657 3658 3660 3661 3663 3664 3666 3666 3667 3668 3669 3670 3671 3672 3673 3673 3674 3675 3676 3677 3679 3680 3681 3682 3683 3684 3686 3687 3688 3689 3690 3692 3693 3694 3695 3697 3697 3699 3700 3702 3704 3704 3706 3707 3709 3710 3711 3712
3569 3573 3577 3580 3584 3587 3590 3593 3596 3598 3601 3603 3606 3608 3611 3612 3615 3617 3619 3621 3623 3626 3628 3630 3632 3634 3636 3639 3641 3643 3645 3647 3649 3651 3653 3655 3657 3658 3660 3662 3663 3664 3666 3667 3668 3669 3670 3671 3672 3673 3674 3675 3676 3677 3678 3679 3680 3681 3682 3684 3685 3686 3687 3688 3690 3691 3692 3693 3694 3696 3696 3698 3699 3700 3702 3703 3705 3706 3707 3709 3710 3711 3712 3713
3571 3574 3578 3581 3584 3587 3590 3593 3595 3598 3600 3603 3605 3607 3610 3612 3614 3616 3618 3621 3623 3625 3627 3629 3631 3634 3636 3638 3640 3642 3644 3646 3649 3651 3653 3655 3657 3658 3660 3662 3663 3665 3666 3667 3668 3670 3671 3672 3673 3674 3675 3676 3677 3678 3679 3680 3681 3683 3684 3685 3686 3688 3689 3690 3691 3692 3693 3695 3695 3697 3698 3699 3701 3702 3703 3705 3706 3708 3709 3710 3711 3713 3714 3715
3572 3575 3579 3582 3585 3588 3590 3593 3595 3597 3600 3602 3604 3607 3609 3611 3613 3616 3618 3620 3622 3624 3626 3628 3631 3633 3635 3637 3639 3642 3644 3646 3648 3650 3652 3654 3656 3658 3660 3662 3663 3665 3667 3668 3669 3670 3671 3672 3674 3675 3676 3677 3678 3679 3680 3681 3683 3684 3685 3686 3688 3689 3690 3691 3692 3694 3694 3696 3697 3698 3699 3701 3702 3703 3705 3706 3707 3709 3710 3711 3713 3714 3715 3716
3573 3577 3580 3583 3585 3588 3591 3593 3595 3598 3599 3601 3604 3606 3608 3611 3613 3615 3617 3619 3621 3623 3626 3628 3630 3632 3634 3637 3639 3641 3643 3645 3648 3650 3652 3654 3656 3658 3660 3662 3664 3665 3667 3668 3670 3671 3672 3673 3675 3675 3677 3678 3679 3680 3681 3683 3684 3685 3686 3688 3689 3690 3691 3692 3693 3694 3696 3697 3698 3699 3700 3702 3703 3704 3706 3707 3709 3710 3711 3712 3714 3715 3716 3717
3575 3578 3581 3584 3586 3589 3591 3593 3596 3598 3599 3602 3604 3605 3608 3610 3612 3614 3616 3619 3621 3623 3625 3627 3629 3631 3634 3636 3638 3640 3643 3645 3647 3649 3652 3654 3656 3658 3660 3662 3664 3665 3667 3669 3670 3671 3673 3674 3675 3676 3678 3679 3680 3681 3682 3683 3685 3686 3687 3688 3690 3691 3692 3693 3694 3696 3697 3698 3699 3700 3702 3703 3704 3706 3707 3708 3710 3711 3712 3713 3715 3716 3717 3717
3577 3579 3582 3585 3587 3589 3592 3594 3596 3598 3600 3602 3604 3606 3608 3610 3612 3614 3616 3618 3620 3622 3624 3626 3629 3631 3633 3635 3637 3640 3642 3644 3647 3649 3651 3653 3656 3658 3660 3662 3664 3665 3667 3669 3670 3672 3673 3675 3676 3677 3678 3680 3681 3682 3683 3684 3686 3687 3688 3689 3691 3692 3693 3694 3695 3696 3698 3699 3700 3701 3703 3704 3705 3706 3708 3709 3710 3712 3713 3714 3715 3716 3717 3718
3578 3581 3583 3586 3588 3590 3592 3594 3596 3598 3600 3602 3604 3606 3608 3610 3612 3613 3615 3617 3620 3622 3624 3626 3628 3630 3632 3635 3637 3639 3641 3644 3646 3648 3651 3653 3655 3657 3660 3662 3664 3665 3667 3669 3671 3672 3674 3675 3676 3678 3679 3680 3681 3683 3684 3685 3686 3688 3689 3690 3691 3693 3694 3695 3696 3697 3699 3700 3701 3702 3703 3705 3706 3707 3709 3710 3711 3712 3714 3715 3716 3717 3718 3719
3580 3583 3583 3585 3587 3589 3593 3595 3597 3598 3600 3602 3604 3606 3608 3609 3611 3613 3615 3617 3619 3621 3623 3625 3627 3630 3632 3634 3636 3639 3641 3643 3646 3648 3650 3653 3655 3657 3659 3662 3664 3666 3667 3669 3671 3672 3674 3675 3677 3678 3680 3681 3682 3683 3685 3686 3687 3688 3690 3691 3692 3693 3695 3696 3697 3698 3699 3700 3702 3703 3704 3705 3707 3708 3709 3711 3712 3713 3714 3715 3717 3717 3718 3719
3582 3582 3584 3586 3588 3590 3591 3596 3597 3599 3601 3602 3604 3606 3608 3609 3611 3613 3615 3617 3619 3621 3623 3625 3627 3629 3631 3634 3636 3638 3641 3643 3645 3648 3650 3653 3655 3657 3659 3662 3664 3666 3668 3669 3671 3673 3674 3676 3677 3679 3680 3681 3683 3684 3685 3687 3688 3689 3690 3692 3693 3694 3695 3697 3698 3699 3700 3701 3702 3704 3705 3706 3707 3709 3710 3711 3713 3714 3715 3716 3717 3718 3719 3720
3585 3584 3586 3587 3589 3591 3592 3594 3595 3597 3599 3603 3604 3606 3608 3609 3611 3613 3615 3617 3619 3621 3623 3625 3627 3629 3631 3633 3636 3638 3640 3643 3645 3648 3650 3652 3655 3657 3659 3662 3664 3666 3668 3670 3671 3673 3675 3676 3678 3679 3681 3682 3683 3685 3686 3687 3689 3690 3691 3692 3694 3695 3696 3697 3698 3700 3701 3702 3703 3704 3706 3707 3708 3709 3711 3712 3713 3714 3715 3717 3718 3718 3719 3720
3585 3586 3588 3589 3591 3592 3593 3595 3596 3598 3599 3601 3602 3604 3608 3610 3611 3613 3615 3617 3619 3621 3623 3625 3627 3629 3631 3633 3636 3638 3640 3643 3645 3647 3650 3652 3655 3657 3660 3662 3664 3666 3668 3670 3672 3674 3675 3677 3678 3680 3681 3683 3684 3685 3687 3688 3689 3691 3692 3693 3695 3696 3697 3698 3699 3700 3702 3703 3704 3705 3706 3708 3709 3710 3711 3713 3714 3715 3716 3717 3718 3719 3720 3720
3587 3588 3590 3591 3592 3593 3594 3596 3597 3598 3600 3601 3603 3604 3606 3610 3612 3613 3615 3617 3619 3621 3623 3625 3627 3629 3631 3633 3635 3638 3640 3643 3645 3647 3650 3652 3655 3657 3660 3662 3664 3666 3668 3670 3672 3674 3676 3677 3679 3681 3682 3683 3685 3686 3687 3689 3690 3692 3693 3694 3695 3697 3698 3699 3700 3701 3702 3703 3705 3706 3707 3708 3709 3711 3712 3713 3714 3715 3717 3718 3718 3719 3720 3721
3590 3591 3592 3593 3594 3595 3596 3597 3598 3599 3600 3602 3603 3605 3606 3608 3612 3614 3615 3617 3619 3621 3623 3625 3627 3629 3631 3633 3636 3638 3640 3643 3645 3648 3650 3653 3655 3658 3660 3662 3665 3667 3669 3671 3673 3675 3676 3678 3680 3681 3683 3684 3686 3687 3688 3690 3691 3692 3694 3695 3696 3697 3699 3700 3701 3702 3703 3704 3705 3707 3708 3709 3710 3711 3713 3714 3715 3716 3717 3718 3719 3720 3721 3721
3593 3593 3594 3595 3596 3596 3597 3598 3599 3600 3601 3603 3604 3605 3607 3608 3610 3614 3616 3618 3619 3621 3623 3625 3627 3629 3631 3633 3636 3638 3640 3643 3645 3648 3650 3653 3655 3658 3660 3663 3665 3667 3669 3671 3673 3675 3677 3679 3680 3682 3683 3685 3686 3688 3689 3691 3692 3693 3695 3696 3697 3698 3700 3701 3702 3703 3704 3705 3706 3708 3709 3710 3711 3712 3713 3715 3716 3717 3718 3719 3720 3720 3721 3722
3595 3596 3596 3597 3598 3598 3599 3600 3600 3601 3602 3603 3605 3606 3607 3609 3610 3612 3617 3618 3620 3622 3624 3625 3627 3629 3632 3634 3636 3638 3641 3643 3646 3648 3651 3653 3656 3658 3661 3663 3666 3668 3670 3672 3674 3676 3678 3680 3681 3683 3684 3686 3687 3689 3690 3692 3693 3694 3696 3697 3698 3700 3701 3702 3703 3704 3705 3706 3707 3709 3710 3711 3712 3713 3714 3715 3717 3718 3719 3719 3720 3721 3722 3722
3598 3599 3599 3599 3600 3600 3601 3601 3602 3603 3604 3605 3606 3607 3608 3609 3611 3612 3617 3619 3621 3622 3624 3626 3628 3630 3632 3634 3636 3639 3641 3643 3646 3648 3651 3654 3656 3659 3661 3664 3666 3668 3671 3673 3675 3677 3679 3680 3682 3684 3685 3687 3688 3690 3691 3693 3694 3695 3697 3698 3699 3701 3702 3703 3704 3705 3706 3707 3708 3710 3711 3712 3713 3714 3715 3716 3717 3718 3719 3720 3721 3722 3722 3723
3602 3602 3602 3602 3602 3602 3602 3603 3603 3604 3605 3606 3607 3608 3609 3610 3612 3613 3618 3620 3621 3623 3625 3626 3628 3630 3632 3635 3637 3639 3641 3644 3646 3649 3651 3654 3657 3659 3662 3664 3667 3669 3671 3674 3676 3678 3679 3681 3683 3685 3686 3688 3689 3691 3692 3694 3695 3697 3698 3699 3701 3702 3703 3704 3705 3706 3707 3708 3710 3711 3712 3713 3714 3715 3716 3717 3718 3719 3720 3721 3722 3723 3723 3724
3605 3604 3604 3604 3604 3604 3604 3605 3605 3605 3606 3607 3608 3609 3610 3611 3612 3614 3619 3620 3622 3624 3625 3627 3629 3631 3633 3635 3637 3640 3642 3644 3647 3649 3652 3655 3657 3660 3662 3665 3667 3670 3672 3674 3676 3678 3680 3682 3684 3686 3687 3689 3690 3692 3694 3695 3697 3698 3699 3701 3702 3703 3704 3706 3706 3707 3709 3710 3711 3712 3713 3714 3715 3716 3717 3718 3719 3720 3721 3722 3723 3723 3724 3725
3608 3607 3607 3607 3606 3606 3606 3606 3607 3607 3607 3608 3609 3610 3611 3612 3613 3618 3620 3621 3623 3624 3626 3628 3630 3632 3634 3636 3638 3640 3642 3645 3647 3650 3653 3655 3658 3660 3663 3666 3668 3671 3673 3675 3677 3679 3681 3683 3685 3687 3689 3690 3692 3693 3695 3696 3698 3699 3701 3702 3703 3705 3706 3707 3708 3709 3710 3711 3712 3713 3714 3715 3717 3718 3719 3720 3721 3722 3722 3723 3724 3724 3725 3725
3611 3610 3610 3609 3609 3608 3608 3608 3608 3609 3609 3610 3610 3611 3612 3613 3618 3620 3621 3622 3624 3625 3627 3629 3630 3632 3634 3636 3638 3641 3643 3645 3648 3651 3653 3656 3658 3661 3664 3666 3669 3671 3674 3676 3678 3680 3682 3684 3686 3688 3690 3691 3693 3695 3696 3698 3699 3701 3702 3703 3705 3706 3707 3708 3709 3710 3711 3712 3714 3715 3716 3717 3718 3719 3720 3721 3722 3723 3723 3724 3725 3725 3726 3726
3615 3614 3613 3612 3616 3615 3615 3615 3610 3610 3611 3615 3616 3617 3618 3618 3620 3621 3622 3623 3625 3626 3628 3629 3631 3633 3635 3637 3639 3641 3644 3646 3649 3651 3654 3656 3659 3662 3665 3667 3670 3672 3675 3677 3679 3682 3684 3686 3687 3689 3691 3693 3694 3696 3698 3699 3701 3702 3704 3705 3706 3707 3709 3710 3711 3712 3713 3714 3715 3716 3717 3718 3719 3720 3721 3722 3723 3724 3725 3725 3726 3727 3727 3728
3622 3621 3620 3619 3618 3618 3617 3617 3617 3617 3617 3617 3618 3618 3619 3620 3621 3622 3623 3624 3626 3627 3629 3630 3632 3634 3636 3638 3640 3642 3645 3647 3649 3652 3655 3657 3660 3663 3665 3668 3671 3673 3676 3678 3680 3683 3685 3687 3689 3691 3692 3694 3696 3698 3699 3701 3702 3704 3705 3706 3708 3709 3710 3711 3713 3714 3714 3715 3716 3718 3719 3720 3721 3722 3723 3724 3724 3725 3726 3727 3727 3728 3728 3729
3625 3624 3623 3622 3621 3620 3619 3619 3619 3619 3619 3619 3619 3620 3620 3621 3622 3623 3624 3626 3627 3628 3630 3631 3633 3635 3637 3639 3641 3643 3645 3648 3650 3653 3655 3658 3661 3664 3666 3669 3672 3674 3677 3679 3682 3684 3686 3688 3690 3692 3694 3696 3698 3699 3701 3702 3704 3705 3707 3708 3709 3711 3712 3713 3714 3715 3716 3717 3718 3719 3720 3721 3722 3723 3724 3725 3726 3727 3727 3728 3729 3729 3729 3730
3629 3627 3626 3625 3624 3623 3622 3621 3621 3621 3621 3621 3621 3622 3622 3623 3624 3625 3626 3627 3628 3630 3631 3633 3634 3636 3638 3640 3642 3644 3646 3649 3651 3654 3656 3659 3662 3665 3667 3670 3673 3675 3678 3680 3683 3685 3687 3689 3691 3693 3695 3697 3699 3701 3702 3704 3705 3707 3708 3710 3711 3712 3713 3714 3716 3717 3718 3718 3720 3721 3722 3723 3724 3725 3726 3726 3727 3728 3729 3729 3730 3730 3731 3731
3632 3631 3629 3628 3626 3625 3624 3624 3623 3623 3623 3623 3623 3623 3624 3625 3625 3626 3627 3629 3630 3631 3633 3634 3636 3637 3639 3641 3643 3645 3648 3650 3652 3655 3658 3660 3663 3666 3669 3671 3674 3677 3679 3682 3684 3686 3689 3691 3693 3695 3697 3699 3701 3702 3704 3705 3707 3708 3710 3711 3712 3714 3715 3716 3717 3718 3719 3720 3721 3722 3723 3724 3725 3726 3727 3728 3729 3729 3730 3731 3731 3732 3732 3732
3636 3634 3632 3630 3629 3628 3627 3626 3625 3625 3625 3625 3625 3625 3626 3626 3627 3628 3629 3630 3631 3633 3634 3636 3637 3639 3641 3643 3645 3647 3649 3651 3654 3656 3659 3662 3664 3667 3670 3673 3675 3678 3681 3683 3686 3688 3690 3692 3694 3697 3698 3700 3702 3704 3705 3707 3708 3710 3711 3713 3714 3715 3716 3718 3719 3720 3721 3722 3723 3724 3725 3726 3727 3728 3729 3729 3730 3731 3732 3732 3733 3733 3734 3734
3639 3637 3635 3633 3632 3631 3630 3629 3628 3627 3627 3627 3627 3627 3628 3629 3629 3630 3631 3632 3633 3635 3636 3637 3639 3641 3642 3644 3646 3648 3650 3653 3655 3658 3660 3663 3666 3668 3671 3674 3677 3679 3682 3685 3687 3689 3692 3694 3696 3698 3700 3702 3704 3705 3707 3709 3710 3712 3713 3714 3716 3717 3718 3719 3720 3721 3722 3723 3725 3725 3726 3727 3728 3729 3730 3731 3732 3732 3733 3734 3734 3735 3735 3735
3642 3640 3638 3637 3635 3634 3632 3631 3631 3630 3630 3629 3630 3630 3630 3631 3631 3632 3633 3634 3635 3636 3638 3639 3641 3642 3644 3646 3648 3650 3652 3654 3657 3659 3662 3665 3667 3670 3673 3676 3678 3681 3684 3686 3689 3691 3693 3695 3698 3700 3702 3704 3705 3707 3709 3710 3712 3713 3714 3716 3717 3718 3720 3721 3722 3723 3724 3725 3726 3727 3728 3729 3730 3731 3732 3733 3733 3734 3735 3735 3736 3736 3737 3737
3646 3644 3642 3640 3638 3636 3635 3634 3633 3633 3632 3632 3632 3632 3633 3633 3634 3634 3635 3636 3637 3639 3640 3641 3643 3644 3646 3648 3650 3652 3654 3656 3659 3661 3664 3666 3669 3672 3674 3677 3680 3683 3685 3688 3690 3692 3695 3697 3699 3701 3703 3705 3707 3709 3710 3712 3713 3715 3716 3717 3719 3720 3721 3722 3723 3724 3726 3727 3728 3729 3730 3731 3731 3732 3733 3734 3735 3736 3736 3737 3737 3738 3738 3739
3649 3647 3645 3643 3641 3639 3638 3637 3636 3635 3635 3635 3635 3635 3635 3635 3636 3637 3638 3639 3640 3641 3642 3643 3645 3646 3648 3650 3652 3654 3656 3658 3661 3663 3666 3668 3671 3673 3676 3679 3682 3684 3687 3689 3692 3694 3696 3699 3701 3703 3705 3707 3709 3710 3712 3713 3715 3716 3718 3719 3720 3721 3723 3724 3725 3726 3727 3728 3729 3730 3731 3732 3733 3734 3735 3736 3737 3737 3738 3739 3739 3739 3740 3740
3653 3650 3648 3646 3644 3642 3641 3640 3639 3638 3638 3637 3637 3637 3638 3638 3639 3639 3640 3641 3642 3643 3644 3646 3647 3649 3650 3652 3654 3656 3658 3660 3663 3665 3668 3670 3673 3675 3678 3681 3683 3686 3689 3691 3694 3696 3698 3700 3702 3705 3707 3708 3710 3712 3713 3715 3716 3718 3719 3720 3722 3723 3724 3725 3726 3728 3729 3730 3731 3732 3733 3734 3735 3736 3737 3737 3738 3739 3740 3740 3741 3741 3742 3742
3656 3654 3651 3649 3647 3646 3644 3643 3642 3641 3641 3640 3640 3640 3640 3641 3641 3642 3643 3644 3645 3646 3647 3648 3650 3651 3653 3655 3656 3658 3660 3663 3665 3667 3670 3672 3675 3677 3680 3683 3685 3688 3690 3693 3695 3698 3700 3702 3704 3706 3708 3710 3712 3713 3715 3717 3718 3719 3721 3722 3723 3725 3726 3727 3728 3729 3730 3731 3732 3733 3734 3735 3736 3737 3738 3739 3740 3741 3741 3742 3742 3743 3743 3744
3660 3657 3655 3652 3650 3649 3647 3646 3645 3644 3644 3643 3643 3643 3643 3644 3644 3645 3646 3646 3647 3648 3650 3651 3652 3654 3655 3657 3659 3661 3663 3665 3667 3669 3672 3674 3677 3680 3682 3685 3687 3690 3692 3695 3697 3699 3702 3704 3706 3708 3710 3711 3713 3715 3717 3718 3720 3721 3722 3724 3725 3726 3727 3728 3730 3731 3732 3733 3734 3735 3736 3737 3738 3739 3740 3741 3742 3742 3743 3744 3744 3745 3745 3745
3663 3660 3658 3656 3654 3652 3650 3649 3648 3647 3647 3646 3646 3646 3646 3647 3647 3648 3648 3649 3650 3651 3652 3654 3655 3657 3658 3660 3661 3663 3665 3667 3670 3672 3674 3677 3679 3682 3684 3687 3689 3692 3694 3697 3699 3701 3703 3706 3708 3710 3711 3713 3715 3717 3718 3720 3721 3723 3724 3725 3726 3728 3729 3730 3731 3732 3733 3734 3735 3736 3738 3739 3740 3741 3742 3742 3743 3744 3745 3745 3746 3746 3747 3747
3666 3664 3661 3659 3657 3655 3654 3652 3651 3650 3650 3649 3649 3649 3649 3650 3650 3651 3651 3652 3653 3654 3655 3657 3658 3659 3661 3663 3664 3666 3668 3670 3672 3674 3677 3679 3682 3684 3687 3689 3692 3694 3696 3699 3701 3703 3705 3707 3709 3711 3713 3715 3717 3718 3720 3721 3723 3724 3725 3727 3728 3729 3730 3731 3733 3734 3735 3736 3737 3738 3739 3740 3741 3742 3743 3744 3745 3746 3746 3747 3748 3748 3748 3749
