input/I57/I57_010yr24ha.asc
ncols        301
nrows        195
xllcorner    -92.313182000000
yllcorner    35.829066000000
cellsize     0.008333000000
NODATA_value -9
[rows 76 to 113 of 195, columns 168 to 251 of 301]
5346 5347 5348 5349 5350 5350 5351 5352 5352 5353 5354 5354 5355 5355 5356 5356 5357 5358 5358 5359 5360 5361 5361 5362 5363 5364 5364 5365 5366 5366 5367 5367 5367 5368 5368 5368 5369 5369 5370 5370 5371 5372 5372 5373 5375 5376 5377 5379 5381 5382 5385 5387 5389 5391 5394 5396 5399 5401 5404 5406 5409 5412 5414 5417 5420 5423 5425 5428 5430 5433 5435 5438 5440 5442 5444 5445 5447 5448 5450 5451 5452 5453 5453 5454
5348 5349 5350 5350 5351 5352 5353 5353 5354 5355 5355 5356 5356 5357 5358 5358 5359 5359 5360 5361 5362 5362 5363 5364 5365 5365 5366 5367 5367 5368 5368 5369 5369 5369 5369 5370 5370 5370 5371 5371 5372 5372 5373 5374 5375 5376 5377 5379 5380 5382 5384 5386 5388 5390 5392 5395 5397 5400 5402 5404 5407 5409 5412 5414 5417 5420 5422 5425 5427 5430 5432 5434 5436 5438 5440 5442 5443 5445 5446 5447 5448 5449 5449 5450
5349 5350 5351 5352 5353 5353 5354 5355 5356 5356 5357 5357 5358 5359 5359 5360 5361 5361 5362 5363 5363 5364 5365 5366 5367 5367 5368 5368 5369 5369 5370 5370 5370 5371 5371 5371 5371 5371 5372 5372 5372 5373 5374 5374 5375 5376 5377 5379 5380 5382 5384 5385 5387 5389 5391 5393 5396 5398 5400 5402 5405 5407 5409 5412 5414 5417 5419 5422 5424 5426 5428 5431 5433 5434 5436 5438 5439 5441 5442 5443 5444 5445 5445 5446
5350 5351 5352 5353 5354 5355 5356 5356 5357 5358 5358 5359 5360 5360 5361 5362 5362 5363 5364 5365 5365 5366 5367 5368 5368 5369 5370 5370 5371 5371 5371 5372 5372 5372 5372 5372 5372 5372 5373 5373 5373 5374 5374 5375 5376 5377 5378 5379 5380 5382 5383 5385 5386 5388 5390 5392 5394 5396 5398 5401 5403 5405 5407 5409 5412 5414 5416 5419 5421 5423 5425 5427 5429 5431 5433 5434 5436 5437 5438 5439 5440 5441 5441 5442
5351 5352 5353 5354 5355 5356 5357 5358 5358 5359 5360 5361 5361 5362 5363 5363 5364 5365 5365 5366 5367 5368 5369 5370 5370 5371 5371 5372 5372 5373 5373 5373 5373 5373 5374 5374 5374 5374 5374 5374 5374 5374 5375 5375 5376 5377 5378 5379 5380 5381 5383 5384 5386 5387 5389 5391 5393 5395 5397 5399 5401 5403 5405 5407 5409 5411 5413 5415 5418 5420 5422 5424 5426 5427 5429 5430 5432 5433 5434 5435 5436 5437 5437 5438
5352 5353 5354 5355 5356 5357 5358 5359 5360 5360 5361 5362 5363 5363 5364 5365 5366 5366 5367 5368 5369 5370 5371 5371 5372 5373 5373 5374 5374 5374 5375 5375 5375 5375 5375 5375 5375 5375 5375 5375 5375 5375 5375 5376 5377 5377 5378 5379 5380 5381 5382 5384 5385 5386 5388 5389 5391 5393 5395 5397 5399 5400 5402 5404 5406 5408 5410 5413 5415 5417 5418 5420 5422 5424 5425 5427 5428 5430 5431 5432 5433 5433 5434 5434
5353 5354 5355 5356 5357 5358 5359 5360 5361 5362 5363 5363 5364 5365 5366 5366 5367 5368 5369 5369 5371 5372 5372 5373 5374 5374 5375 5375 5375 5376 5376 5376 5376 5376 5376 5376 5376 5376 5376 5376 5376 5376 5376 5376 5377 5378 5378 5379 5380 5381 5382 5383 5384 5385 5387 5388 5390 5392 5393 5395 5397 5398 5400 5402 5404 5406 5408 5410 5412 5414 5415 5417 5419 5421 5422 5424 5425 5426 5427 5428 5429 5430 5430 5431
5354 5355 5356 5357 5358 5359 5360 5361 5362 5363 5364 5365 5365 5366 5367 5368 5369 5369 5370 5372 5372 5373 5374 5375 5375 5376 5376 5377 5377 5377 5377 5377 5377 5377 5377 5377 5377 5377 5377 5376 5376 5377 5377 5377 5377 5378 5378 5379 5380 5381 5381 5382 5383 5385 5386 5387 5388 5391 5392 5393 5395 5397 5398 5400 5402 5404 5405 5407 5409 5411 5413 5415 5416 5418 5419 5421 5422 5423 5424 5425 5426 5427 5427 5428
5355 5356 5357 5358 5359 5360 5361 5362 5363 5364 5365 5366 5367 5368 5368 5369 5370 5371 5372 5373 5374 5375 5375 5376 5377 5377 5378 5378 5378 5379 5379 5379 5379 5379 5378 5378 5378 5378 5378 5377 5377 5377 5377 5378 5378 5378 5379 5379 5380 5380 5381 5382 5383 5384 5385 5386 5387 5389 5391 5392 5393 5395 5396 5398 5400 5401 5403 5405 5407 5409 5410 5412 5414 5415 5417 5418 5419 5421 5422 5423 5424 5424 5425 5425
5355 5357 5358 5359 5360 5361 5362 5363 5364 5365 5366 5367 5368 5369 5370 5370 5371 5372 5374 5375 5375 5376 5377 5377 5378 5379 5379 5379 5380 5380 5380 5380 5380 5380 5380 5379 5379 5379 5378 5378 5378 5378 5378 5378 5378 5378 5379 5379 5380 5380 5381 5381 5382 5383 5384 5385 5386 5388 5389 5391 5392 5393 5395 5396 5398 5400 5401 5403 5405 5407 5408 5410 5412 5413 5415 5416 5417 5419 5420 5421 5421 5422 5423 5423
5356 5357 5359 5360 5361 5362 5363 5364 5365 5366 5367 5368 5369 5370 5371 5372 5373 5374 5375 5376 5377 5378 5378 5379 5379 5380 5380 5381 5381 5381 5381 5381 5381 5381 5381 5380 5380 5380 5379 5379 5379 5379 5379 5379 5379 5379 5379 5379 5380 5380 5380 5381 5382 5382 5383 5384 5385 5387 5388 5390 5391 5392 5393 5395 5397 5398 5400 5402 5403 5405 5407 5408 5410 5412 5413 5415 5416 5417 5418 5419 5420 5421 5421 5422
5357 5358 5360 5361 5362 5363 5364 5365 5366 5367 5368 5369 5370 5371 5372 5373 5374 5376 5376 5377 5378 5379 5380 5380 5381 5381 5382 5382 5382 5382 5382 5382 5382 5382 5382 5381 5381 5380 5380 5380 5380 5379 5379 5379 5379 5379 5379 5379 5380 5380 5380 5381 5381 5382 5382 5383 5386 5387 5388 5389 5390 5391 5392 5394 5395 5397 5399 5400 5402 5404 5406 5407 5409 5411 5412 5414 5415 5416 5417 5418 5419 5420 5420 5421
5358 5359 5361 5362 5363 5364 5365 5366 5367 5368 5369 5370 5371 5372 5373 5374 5375 5377 5378 5379 5379 5380 5381 5381 5382 5382 5383 5383 5383 5383 5383 5383 5383 5383 5382 5382 5382 5381 5381 5381 5380 5380 5380 5380 5380 5380 5380 5380 5380 5380 5380 5380 5381 5381 5382 5382 5385 5386 5387 5388 5389 5390 5392 5393 5395 5396 5398 5400 5402 5403 5405 5407 5409 5410 5412 5413 5414 5416 5417 5418 5419 5419 5420 5421
5359 5360 5361 5363 5364 5365 5366 5367 5368 5369 5370 5371 5372 5373 5374 5375 5377 5378 5379 5380 5381 5381 5382 5383 5383 5384 5384 5384 5384 5384 5384 5384 5384 5384 5383 5383 5382 5382 5382 5381 5381 5381 5380 5380 5380 5380 5380 5380 5380 5380 5380 5380 5381 5381 5381 5384 5385 5386 5387 5388 5389 5390 5391 5393 5394 5396 5398 5400 5401 5403 5405 5407 5409 5410 5412 5413 5415 5416 5417 5418 5419 5420 5421 5421
5360 5361 5362 5364 5365 5366 5367 5368 5369 5370 5371 5372 5373 5374 5375 5376 5378 5379 5380 5381 5382 5383 5383 5384 5384 5385 5385 5385 5385 5385 5385 5385 5385 5385 5384 5384 5383 5383 5383 5382 5382 5381 5381 5381 5381 5380 5380 5380 5380 5380 5380 5380 5381 5381 5381 5384 5385 5386 5387 5388 5389 5390 5391 5393 5394 5396 5398 5400 5402 5404 5405 5407 5409 5411 5412 5414 5415 5417 5418 5419 5420 5421 5422 5422
5361 5362 5363 5365 5366 5367 5368 5369 5370 5371 5372 5373 5374 5375 5376 5377 5378 5379 5380 5382 5383 5384 5384 5385 5385 5386 5386 5386 5386 5386 5386 5386 5386 5386 5385 5385 5384 5384 5383 5383 5383 5382 5382 5382 5381 5381 5381 5381 5381 5381 5381 5381 5381 5381 5384 5385 5385 5386 5387 5388 5389 5390 5392 5393 5395 5397 5398 5400 5402 5404 5406 5408 5410 5412 5413 5415 5417 5418 5419 5420 5421 5422 5423 5424
5361 5363 5364 5365 5367 5367 5368 5369 5371 5372 5373 5374 5375 5376 5377 5379 5380 5381 5381 5382 5383 5385 5386 5386 5387 5387 5387 5387 5388 5388 5387 5387 5387 5387 5386 5386 5385 5385 5384 5384 5383 5383 5383 5382 5382 5382 5382 5381 5381 5381 5381 5381 5381 5384 5385 5385 5386 5387 5387 5388 5390 5391 5392 5394 5396 5397 5399 5401 5403 5405 5407 5409 5411 5413 5415 5417 5418 5420 5421 5422 5423 5424 5425 5426
5362 5364 5365 5365 5367 5368 5369 5370 5372 5373 5374 5375 5376 5377 5379 5380 5381 5382 5383 5383 5384 5385 5386 5387 5388 5388 5388 5389 5389 5389 5389 5388 5388 5387 5387 5387 5386 5386 5385 5385 5384 5384 5384 5383 5383 5383 5382 5382 5382 5382 5382 5382 5382 5385 5385 5386 5386 5387 5388 5389 5390 5392 5393 5395 5396 5398 5400 5402 5405 5407 5409 5411 5413 5415 5417 5419 5420 5422 5423 5424 5425 5427 5427 5428
5363 5365 5365 5366 5367 5369 5370 5371 5372 5374 5375 5376 5377 5378 5380 5381 5382 5383 5384 5385 5385 5386 5387 5387 5388 5389 5390 5390 5390 5390 5389 5389 5389 5388 5388 5388 5387 5387 5386 5386 5385 5385 5385 5384 5384 5383 5383 5383 5383 5383 5382 5382 5385 5386 5386 5387 5387 5388 5389 5390 5391 5393 5394 5396 5398 5400 5402 5404 5406 5408 5411 5413 5415 5417 5419 5421 5422 5424 5425 5427 5428 5429 5430 5431
5364 5365 5366 5367 5368 5370 5371 5372 5373 5375 5376 5377 5378 5380 5381 5382 5383 5384 5385 5386 5387 5387 5388 5389 5389 5390 5390 5390 5390 5390 5390 5390 5390 5390 5389 5389 5388 5388 5388 5387 5387 5386 5386 5385 5385 5385 5384 5384 5384 5383 5386 5386 5386 5387 5387 5387 5388 5389 5390 5391 5392 5394 5395 5397 5399 5401 5403 5406 5408 5410 5413 5415 5417 5419 5421 5423 5425 5427 5428 5429 5431 5432 5433 5434
5365 5365 5366 5368 5369 5370 5372 5373 5374 5376 5377 5378 5379 5381 5382 5383 5384 5385 5386 5387 5388 5389 5389 5390 5390 5391 5391 5391 5392 5392 5392 5391 5391 5391 5391 5390 5390 5389 5389 5388 5388 5387 5387 5386 5386 5386 5385 5385 5385 5387 5387 5387 5387 5388 5388 5389 5389 5390 5391 5392 5394 5395 5397 5399 5401 5403 5405 5407 5410 5412 5415 5417 5419 5422 5424 5426 5427 5429 5431 5432 5434 5435 5436 5437
5366 5366 5367 5369 5370 5371 5373 5374 5375 5377 5378 5379 5380 5382 5383 5384 5385 5386 5387 5388 5389 5390 5390 5391 5392 5392 5392 5393 5393 5393 5393 5393 5393 5392 5392 5391 5391 5391 5390 5390 5389 5389 5388 5388 5387 5387 5387 5386 5386 5388 5388 5388 5388 5389 5389 5390 5390 5391 5392 5394 5395 5396 5398 5400 5402 5404 5407 5409 5412 5414 5417 5419 5422 5424 5426 5428 5430 5432 5433 5435 5436 5438 5439 5440
5367 5368 5368 5369 5371 5372 5373 5375 5376 5377 5379 5380 5381 5383 5384 5385 5386 5387 5388 5389 5390 5391 5392 5392 5393 5393 5394 5394 5394 5394 5394 5394 5394 5394 5393 5393 5392 5392 5392 5391 5391 5390 5390 5389 5389 5388 5388 5388 5389 5389 5389 5390 5390 5390 5391 5391 5392 5393 5394 5395 5396 5398 5400 5402 5404 5406 5409 5411 5414 5416 5419 5421 5424 5426 5428 5431 5433 5434 5436 5438 5439 5440 5442 5443
5367 5369 5369 5370 5372 5373 5374 5376 5377 5378 5380 5381 5382 5384 5385 5386 5387 5388 5390 5390 5391 5392 5393 5394 5394 5395 5395 5395 5396 5396 5396 5395 5395 5395 5395 5394 5394 5394 5393 5393 5392 5392 5391 5391 5390 5390 5391 5391 5391 5391 5391 5391 5391 5391 5392 5392 5393 5394 5395 5396 5398 5399 5401 5403 5405 5408 5410 5413 5416 5418 5421 5424 5426 5428 5431 5433 5435 5437 5439 5440 5442 5443 5444 5446
5368 5369 5369 5371 5372 5374 5375 5376 5378 5379 5381 5382 5383 5385 5386 5387 5388 5390 5391 5392 5393 5393 5394 5395 5395 5396 5396 5397 5397 5397 5397 5397 5397 5397 5396 5396 5396 5395 5395 5394 5394 5393 5393 5393 5392 5393 5393 5392 5392 5392 5392 5392 5393 5393 5393 5394 5395 5396 5397 5398 5399 5401 5403 5405 5407 5409 5412 5415 5417 5420 5423 5426 5428 5431 5433 5435 5437 5439 5441 5443 5444 5446 5447 5448
5369 5370 5370 5371 5373 5374 5376 5377 5379 5380 5381 5383 5384 5386 5387 5388 5389 5391 5392 5393 5394 5395 5395 5396 5397 5397 5398 5398 5398 5398 5398 5398 5398 5398 5398 5397 5397 5397 5396 5396 5396 5395 5395 5395 5395 5394 5394 5394 5394 5394 5394 5394 5394 5395 5395 5396 5396 5397 5398 5399 5401 5402 5404 5406 5409 5411 5414 5416 5419 5422 5425 5428 5430 5433 5435 5437 5440 5442 5443 5445 5447 5448 5450 5451
5369 5371 5370 5372 5373 5375 5376 5378 5379 5381 5382 5384 5385 5386 5388 5389 5390 5391 5393 5394 5395 5396 5396 5397 5398 5398 5399 5399 5400 5400 5400 5400 5400 5400 5399 5399 5399 5398 5398 5398 5397 5397 5397 5397 5396 5396 5396 5396 5396 5396 5396 5396 5396 5396 5397 5397 5398 5399 5400 5401 5402 5404 5406 5408 5410 5413 5415 5418 5421 5424 5427 5429 5432 5435 5437 5440 5442 5444 5446 5448 5449 5451 5452 5453
5369 5369 5371 5372 5374 5375 5377 5378 5380 5381 5383 5384 5386 5387 5388 5390 5391 5392 5394 5395 5396 5397 5397 5398 5399 5400 5400 5400 5401 5401 5401 5401 5401 5401 5401 5401 5400 5400 5400 5400 5399 5399 5399 5398 5398 5398 5398 5398 5398 5397 5397 5398 5398 5398 5398 5399 5400 5400 5401 5403 5404 5406 5408 5410 5412 5414 5417 5420 5423 5426 5429 5431 5434 5437 5439 5442 5444 5446 5448 5450 5451 5453 5454 5456
5370 5369 5371 5372 5374 5375 5377 5378 5380 5382 5383 5385 5386 5388 5389 5390 5392 5393 5394 5395 5396 5397 5398 5399 5400 5401 5401 5402 5402 5402 5402 5403 5403 5403 5402 5402 5402 5402 5401 5401 5401 5400 5400 5400 5400 5400 5400 5399 5399 5399 5399 5399 5399 5400 5400 5401 5401 5402 5403 5404 5406 5407 5409 5411 5414 5416 5419 5422 5425 5427 5430 5433 5436 5439 5441 5444 5446 5448 5450 5452 5454 5455 5457 5458
5370 5369 5371 5372 5374 5376 5377 5379 5380 5382 5383 5385 5386 5388 5389 5391 5392 5394 5395 5396 5397 5398 5399 5400 5401 5402 5402 5403 5403 5403 5404 5404 5404 5404 5404 5404 5404 5403 5403 5402 5402 5402 5402 5402 5402 5402 5401 5401 5401 5401 5401 5401 5401 5402 5402 5402 5403 5404 5405 5406 5407 5409 5411 5413 5415 5418 5421 5423 5426 5429 5432 5435 5438 5441 5443 5446 5448 5450 5452 5454 5456 5457 5459 5460
5368 5369 5371 5372 5374 5375 5377 5379 5380 5382 5383 5385 5387 5388 5390 5391 5393 5394 5395 5397 5398 5399 5400 5401 5402 5402 5403 5404 5404 5405 5405 5405 5405 5405 5405 5404 5404 5404 5404 5404 5404 5404 5404 5404 5404 5404 5403 5403 5403 5403 5403 5403 5403 5403 5404 5404 5405 5406 5407 5408 5409 5411 5413 5415 5417 5420 5422 5425 5428 5431 5434 5437 5440 5443 5445 5448 5450 5452 5454 5456 5458 5460 5461 5463
5367 5369 5370 5372 5374 5375 5377 5378 5380 5382 5383 5385 5387 5388 5390 5391 5393 5394 5396 5397 5398 5399 5400 5401 5402 5403 5404 5404 5405 5406 5406 5406 5406 5405 5405 5405 5406 5406 5406 5406 5406 5406 5406 5406 5405 5405 5405 5405 5405 5405 5405 5405 5405 5405 5406 5406 5407 5407 5408 5410 5411 5413 5415 5417 5419 5421 5424 5427 5430 5433 5436 5439 5442 5445 5447 5450 5452 5454 5457 5458 5460 5462 5463 5465
5367 5368 5370 5371 5373 5375 5376 5378 5380 5381 5383 5385 5386 5388 5390 5391 5393 5394 5396 5397 5398 5400 5401 5402 5403 5404 5404 5405 5406 5406 5407 5406 5406 5406 5406 5407 5407 5407 5407 5407 5407 5407 5407 5407 5407 5407 5407 5407 5407 5407 5407 5407 5407 5407 5408 5408 5409 5409 5410 5411 5413 5414 5416 5418 5421 5423 5426 5429 5432 5435 5438 5441 5444 5447 5449 5452 5454 5457 5459 5461 5463 5464 5466 5467
5366 5368 5369 5371 5372 5374 5376 5377 5379 5381 5382 5384 5386 5388 5389 5391 5393 5394 5396 5397 5398 5400 5401 5402 5403 5404 5405 5406 5405 5405 5406 5406 5407 5407 5408 5408 5408 5408 5409 5409 5409 5409 5409 5409 5409 5409 5409 5409 5409 5409 5409 5409 5409 5409 5409 5410 5410 5411 5412 5413 5415 5416 5418 5420 5423 5425 5428 5431 5434 5437 5440 5443 5446 5449 5452 5454 5457 5459 5461 5463 5465 5467 5468 5470
5365 5366 5368 5370 5371 5373 5375 5376 5378 5380 5382 5383 5385 5387 5389 5390 5392 5394 5395 5397 5398 5400 5401 5402 5403 5402 5403 5404 5405 5406 5406 5407 5408 5408 5408 5409 5409 5409 5410 5410 5410 5410 5411 5411 5411 5411 5411 5411 5411 5411 5411 5411 5411 5411 5411 5412 5412 5413 5414 5415 5417 5418 5420 5422 5424 5427 5430 5433 5436 5439 5442 5445 5448 5451 5454 5457 5459 5461 5464 5466 5468 5469 5471 5473
5364 5365 5367 5368 5370 5372 5373 5375 5377 5379 5381 5382 5384 5386 5388 5390 5391 5393 5395 5396 5398 5399 5401 5402 5401 5402 5403 5404 5405 5406 5407 5408 5408 5409 5409 5410 5410 5411 5411 5411 5411 5412 5412 5412 5412 5412 5412 5412 5412 5412 5412 5412 5412 5413 5413 5413 5414 5415 5416 5417 5418 5420 5422 5424 5426 5429 5432 5435 5438 5441 5444 5447 5450 5453 5456 5459 5462 5464 5466 5468 5470 5472 5474 5475
5362 5364 5365 5367 5369 5370 5372 5374 5376 5377 5379 5381 5383 5385 5387 5389 5390 5392 5394 5396 5397 5399 5398 5400 5401 5402 5403 5404 5405 5406 5407 5408 5409 5409 5410 5410 5411 5411 5412 5412 5413 5413 5413 5413 5414 5414 5414 5414 5414 5414 5414 5414 5414 5414 5415 5415 5416 5417 5418 5419 5420 5422 5424 5426 5428 5431 5434 5437 5440 5443 5446 5450 5453 5456 5459 5462 5464 5467 5469 5471 5473 5475 5477 5478
5360 5362 5364 5365 5367 5369 5370 5372 5374 5376 5378 5380 5382 5384 5386 5387 5389 5391 5393 5395 5396 5396 5398 5399 5400 5402 5403 5404 5405 5406 5407 5408 5409 5410 5410 5411 5412 5412 5413 5413 5414 5414 5414 5415 5415 5415 5415 5415 5415 5415 5415 5416 5416 5416 5416 5417 5417 5418 5419 5421 5422 5424 5426 5428 5430 5433 5436 5439 5442 5446 5449 5452 5455 5459 5462 5464 5467 5470 5472 5474 5477 5479 5480 5482
