input/I57/I57_010yr24ha.asc
ncols        301
nrows        195
xllcorner    -92.313182000000
yllcorner    35.829066000000
cellsize     0.008333000000
NODATA_value -9
[rows 38 to 75 of 195, columns 84 to 167 of 301]
4976 4984 4993 5000 5007 5014 5020 5026 5032 5037 5042 5048 5053 5057 5062 5067 5068 5073 5078 5082 5087 5091 5096 5100 5105 5110 5114 5119 5123 5128 5133 5137 5142 5146 5150 5155 5159 5163 5167 5173 5176 5179 5182 5184 5187 5189 5192 5194 5197 5199 5202 5204 5207 5210 5212 5215 5217 5220 5223 5225 5228 5230 5233 5235 5237 5239 5242 5244 5246 5248 5250 5253 5255 5257 5260 5262 5264 5267 5269 5271 5273 5275 5277 5279
4978 4985 4993 5000 5007 5013 5019 5025 5031 5036 5041 5046 5051 5056 5061 5065 5067 5072 5077 5081 5086 5090 5095 5099 5104 5109 5113 5118 5123 5127 5132 5137 5141 5146 5151 5155 5159 5164 5168 5171 5177 5180 5183 5186 5189 5192 5194 5197 5200 5203 5205 5208 5211 5213 5216 5219 5221 5224 5227 5229 5232 5235 5237 5239 5241 5244 5246 5248 5250 5252 5255 5257 5259 5261 5264 5266 5268 5270 5273 5273 5275 5277 5279 5281
4979 4986 4993 5000 5006 5013 5018 5024 5029 5035 5040 5045 5049 5054 5059 5063 5066 5071 5075 5080 5085 5089 5094 5098 5103 5108 5112 5117 5122 5127 5131 5136 5141 5146 5150 5155 5160 5164 5168 5172 5176 5181 5185 5188 5191 5194 5197 5200 5203 5206 5208 5211 5214 5217 5220 5222 5225 5228 5231 5233 5236 5238 5241 5243 5245 5248 5250 5252 5254 5256 5258 5261 5260 5263 5265 5270 5272 5272 5274 5277 5279 5281 5283 5285
4981 4988 4994 5001 5007 5012 5018 5023 5028 5033 5038 5043 5048 5052 5057 5061 5065 5070 5074 5079 5083 5088 5093 5097 5102 5106 5111 5116 5121 5126 5131 5136 5141 5145 5150 5155 5160 5164 5169 5173 5177 5181 5186 5189 5192 5196 5199 5202 5205 5208 5211 5214 5217 5220 5223 5226 5229 5231 5234 5237 5240 5242 5244 5247 5249 5251 5253 5255 5257 5260 5259 5262 5264 5266 5269 5271 5273 5275 5278 5280 5282 5284 5286 5287
4983 4989 4996 5002 5007 5013 5018 5023 5028 5032 5037 5042 5046 5051 5055 5060 5064 5069 5073 5078 5082 5087 5091 5096 5101 5105 5110 5115 5120 5125 5130 5135 5140 5145 5150 5155 5160 5165 5169 5174 5178 5182 5186 5190 5194 5197 5201 5204 5207 5210 5214 5217 5220 5223 5226 5229 5232 5234 5237 5240 5243 5245 5248 5250 5252 5254 5256 5258 5258 5260 5262 5265 5267 5269 5272 5274 5276 5278 5280 5283 5285 5287 5288 5290
4985 4991 4997 5003 5008 5014 5019 5024 5028 5031 5036 5040 5045 5049 5053 5059 5063 5068 5072 5077 5081 5086 5090 5095 5099 5104 5109 5114 5119 5124 5129 5134 5139 5144 5150 5155 5160 5165 5169 5174 5179 5183 5187 5191 5195 5199 5202 5206 5209 5212 5216 5219 5222 5225 5228 5231 5234 5237 5240 5243 5245 5248 5250 5253 5255 5257 5257 5259 5261 5263 5265 5267 5270 5272 5274 5276 5279 5281 5283 5285 5287 5289 5291 5292
4987 4993 4999 5004 5009 5014 5019 5024 5028 5033 5035 5039 5043 5048 5052 5058 5063 5067 5071 5075 5080 5084 5089 5094 5098 5103 5108 5113 5118 5123 5128 5133 5139 5144 5149 5154 5159 5164 5169 5174 5179 5184 5188 5192 5196 5200 5204 5207 5211 5214 5218 5221 5224 5227 5230 5234 5236 5239 5242 5245 5248 5250 5253 5255 5255 5257 5259 5261 5263 5265 5268 5270 5272 5274 5276 5279 5281 5283 5285 5287 5289 5291 5292 5294
4990 4996 5001 5006 5011 5015 5020 5024 5029 5033 5034 5041 5045 5046 5053 5057 5062 5066 5070 5074 5079 5083 5088 5092 5097 5102 5107 5112 5117 5122 5127 5132 5138 5143 5148 5154 5159 5164 5169 5174 5179 5184 5188 5193 5197 5201 5205 5209 5212 5216 5219 5222 5226 5229 5232 5234 5237 5240 5243 5246 5250 5251 5253 5255 5257 5259 5261 5263 5265 5267 5270 5272 5274 5276 5278 5280 5283 5285 5287 5289 5291 5292 5294 5296
4993 4998 5003 5008 5012 5017 5021 5025 5029 5033 5037 5041 5045 5049 5053 5057 5061 5065 5069 5074 5078 5082 5087 5091 5096 5101 5106 5111 5116 5121 5126 5132 5137 5142 5148 5153 5159 5164 5169 5174 5179 5184 5189 5193 5198 5202 5206 5210 5213 5217 5221 5224 5227 5230 5233 5236 5239 5242 5245 5247 5250 5252 5255 5257 5259 5261 5263 5265 5267 5269 5271 5273 5275 5278 5280 5282 5284 5286 5288 5290 5292 5294 5295 5297
4996 5001 5005 5010 5014 5018 5022 5026 5030 5033 5037 5041 5045 5049 5052 5056 5060 5065 5069 5073 5077 5081 5086 5090 5095 5100 5105 5110 5115 5120 5125 5131 5136 5142 5147 5153 5158 5164 5169 5174 5179 5184 5189 5194 5198 5203 5207 5211 5214 5218 5222 5225 5228 5232 5235 5238 5241 5243 5246 5249 5251 5254 5256 5258 5260 5262 5264 5266 5268 5270 5273 5275 5277 5279 5281 5283 5285 5287 5289 5291 5293 5295 5296 5298
5000 5004 5004 5007 5011 5015 5023 5027 5031 5034 5038 5041 5045 5049 5052 5056 5060 5064 5068 5072 5077 5081 5085 5090 5094 5099 5104 5109 5114 5119 5125 5130 5136 5141 5147 5152 5158 5163 5169 5174 5180 5185 5189 5194 5199 5203 5207 5211 5215 5219 5223 5226 5230 5233 5236 5239 5242 5245 5247 5250 5253 5255 5257 5259 5262 5264 5266 5268 5270 5272 5274 5276 5278 5280 5282 5284 5286 5288 5290 5292 5294 5295 5297 5298
5004 5003 5006 5010 5013 5016 5020 5029 5032 5035 5039 5042 5045 5049 5053 5056 5060 5064 5068 5072 5076 5080 5085 5089 5094 5099 5103 5108 5113 5119 5124 5130 5135 5141 5146 5152 5158 5163 5169 5174 5180 5185 5190 5195 5199 5204 5208 5212 5216 5220 5224 5227 5231 5234 5237 5240 5243 5246 5249 5251 5254 5256 5258 5261 5263 5265 5267 5269 5271 5273 5275 5277 5279 5281 5283 5285 5287 5289 5291 5293 5295 5296 5298 5299
5009 5006 5009 5013 5016 5019 5022 5025 5028 5031 5034 5043 5046 5050 5053 5057 5060 5064 5068 5072 5076 5080 5085 5089 5094 5098 5103 5108 5113 5118 5124 5129 5135 5140 5146 5152 5158 5163 5169 5174 5180 5185 5190 5195 5200 5204 5209 5213 5217 5221 5225 5228 5232 5235 5238 5241 5244 5247 5250 5254 5256 5259 5260 5262 5264 5266 5268 5270 5272 5274 5276 5278 5280 5282 5284 5286 5288 5290 5292 5294 5295 5297 5298 5300
5008 5010 5013 5016 5018 5021 5024 5026 5029 5032 5035 5038 5041 5045 5054 5057 5061 5065 5069 5072 5076 5081 5085 5089 5094 5098 5103 5108 5113 5118 5124 5129 5135 5140 5146 5152 5158 5163 5169 5175 5180 5186 5191 5196 5200 5205 5210 5214 5218 5222 5226 5229 5233 5236 5239 5242 5245 5248 5252 5255 5257 5260 5261 5263 5265 5267 5269 5271 5273 5275 5277 5279 5281 5283 5285 5287 5289 5291 5293 5294 5296 5297 5299 5300
5013 5015 5017 5019 5021 5024 5026 5028 5031 5034 5037 5039 5043 5046 5049 5058 5062 5066 5069 5073 5077 5081 5085 5089 5094 5098 5103 5108 5113 5118 5124 5129 5135 5140 5146 5152 5158 5164 5169 5175 5181 5186 5191 5196 5201 5206 5210 5215 5219 5223 5227 5230 5234 5237 5240 5243 5247 5250 5253 5256 5258 5261 5262 5264 5266 5268 5270 5272 5274 5276 5278 5280 5282 5284 5286 5288 5290 5292 5294 5295 5297 5298 5300 5301
5018 5019 5021 5023 5025 5027 5029 5031 5033 5036 5038 5041 5044 5047 5050 5053 5063 5067 5070 5074 5078 5082 5086 5090 5094 5099 5104 5108 5113 5119 5124 5129 5135 5141 5146 5152 5158 5164 5170 5176 5181 5187 5192 5197 5202 5207 5211 5216 5220 5224 5228 5231 5235 5238 5242 5246 5249 5252 5254 5257 5260 5262 5263 5265 5267 5269 5271 5273 5275 5277 5279 5281 5283 5285 5287 5289 5291 5293 5294 5296 5298 5299 5300 5302
5023 5024 5026 5027 5028 5030 5032 5034 5036 5038 5040 5043 5045 5048 5051 5055 5058 5068 5071 5075 5079 5083 5087 5091 5095 5099 5104 5109 5114 5119 5124 5130 5135 5141 5147 5153 5159 5165 5171 5176 5182 5187 5193 5198 5203 5208 5212 5217 5221 5225 5229 5232 5236 5240 5244 5247 5250 5253 5256 5259 5261 5264 5266 5266 5269 5271 5273 5275 5277 5278 5280 5282 5284 5286 5288 5290 5292 5294 5296 5297 5299 5300 5301 5303
5029 5029 5030 5031 5032 5034 5035 5036 5038 5040 5042 5045 5047 5050 5053 5056 5059 5063 5073 5076 5080 5084 5088 5092 5096 5100 5105 5110 5114 5120 5125 5130 5136 5142 5147 5153 5159 5165 5171 5177 5183 5188 5194 5199 5204 5209 5213 5218 5222 5226 5230 5234 5237 5242 5245 5248 5252 5255 5257 5260 5263 5265 5267 5268 5270 5272 5274 5276 5278 5280 5282 5284 5286 5288 5290 5292 5294 5295 5297 5298 5300 5301 5302 5304
5035 5035 5035 5036 5036 5037 5038 5040 5041 5043 5045 5047 5049 5052 5055 5058 5061 5064 5074 5078 5081 5085 5089 5093 5097 5101 5106 5110 5115 5120 5126 5131 5137 5142 5148 5154 5160 5166 5172 5178 5184 5189 5195 5200 5205 5210 5215 5219 5223 5227 5231 5235 5239 5243 5247 5250 5253 5256 5259 5262 5264 5267 5269 5270 5272 5274 5276 5278 5280 5282 5284 5286 5288 5290 5291 5293 5295 5297 5298 5300 5301 5302 5304 5305
5041 5040 5040 5040 5041 5041 5042 5043 5044 5045 5047 5049 5051 5054 5056 5059 5062 5065 5076 5079 5083 5086 5090 5094 5098 5102 5106 5111 5116 5121 5126 5132 5137 5143 5149 5155 5161 5167 5173 5179 5184 5190 5196 5201 5206 5211 5216 5220 5225 5229 5233 5237 5240 5245 5248 5252 5255 5258 5261 5264 5266 5269 5271 5273 5273 5275 5277 5279 5281 5283 5285 5287 5289 5291 5293 5295 5297 5298 5300 5301 5303 5304 5305 5306
5047 5046 5046 5045 5045 5045 5046 5046 5047 5048 5050 5052 5054 5056 5058 5061 5064 5067 5078 5081 5084 5088 5091 5095 5099 5103 5107 5112 5117 5122 5127 5132 5138 5144 5150 5155 5161 5168 5174 5180 5185 5191 5197 5202 5207 5212 5217 5222 5226 5230 5234 5238 5242 5247 5250 5254 5257 5260 5263 5266 5268 5271 5273 5275 5275 5277 5279 5281 5283 5285 5287 5289 5291 5293 5295 5297 5299 5300 5302 5303 5304 5306 5307 5308
5053 5052 5051 5050 5050 5049 5049 5050 5050 5051 5053 5054 5056 5058 5060 5063 5066 5076 5079 5082 5086 5089 5093 5096 5100 5104 5109 5113 5118 5123 5128 5133 5139 5144 5150 5156 5162 5168 5174 5180 5186 5192 5198 5203 5209 5214 5219 5223 5228 5232 5236 5240 5244 5249 5252 5256 5259 5262 5265 5268 5270 5273 5275 5277 5277 5279 5281 5283 5285 5287 5289 5291 5293 5295 5297 5299 5301 5302 5304 5305 5306 5307 5309 5310
5060 5058 5056 5055 5054 5054 5053 5053 5054 5054 5055 5057 5058 5060 5062 5065 5076 5078 5081 5084 5087 5091 5094 5098 5101 5105 5110 5114 5119 5124 5129 5134 5140 5145 5151 5157 5163 5169 5175 5181 5187 5193 5199 5205 5210 5215 5220 5225 5229 5234 5238 5242 5246 5251 5254 5258 5261 5264 5267 5270 5272 5275 5277 5280 5279 5282 5284 5286 5288 5290 5292 5294 5296 5297 5299 5301 5303 5304 5306 5307 5308 5309 5310 5311
5066 5064 5062 5060 5068 5067 5067 5066 5057 5058 5059 5069 5070 5072 5074 5076 5078 5080 5083 5086 5089 5092 5096 5099 5103 5107 5111 5115 5120 5125 5130 5135 5141 5146 5152 5158 5164 5170 5176 5183 5189 5195 5200 5206 5211 5217 5222 5226 5231 5235 5240 5244 5247 5253 5256 5260 5263 5266 5269 5272 5275 5277 5280 5282 5284 5284 5286 5288 5290 5292 5294 5296 5298 5300 5302 5303 5305 5306 5308 5309 5310 5312 5313 5314
5081 5079 5077 5075 5073 5072 5071 5070 5070 5070 5071 5072 5073 5074 5076 5078 5080 5083 5085 5088 5091 5094 5097 5101 5104 5108 5112 5117 5121 5126 5131 5136 5142 5147 5153 5159 5165 5171 5178 5184 5190 5196 5202 5207 5213 5218 5223 5228 5233 5237 5242 5246 5251 5255 5258 5262 5265 5268 5271 5274 5277 5279 5282 5284 5286 5289 5288 5290 5292 5294 5296 5298 5300 5302 5304 5306 5307 5309 5310 5311 5313 5314 5315 5316
5088 5085 5082 5080 5078 5077 5075 5075 5074 5074 5074 5075 5076 5077 5079 5081 5083 5085 5088 5090 5093 5096 5099 5103 5106 5110 5114 5118 5123 5127 5132 5138 5143 5149 5154 5160 5167 5173 5179 5185 5191 5197 5203 5209 5214 5220 5225 5230 5235 5239 5244 5249 5253 5257 5261 5264 5267 5271 5274 5276 5279 5282 5284 5286 5289 5291 5291 5293 5295 5297 5299 5301 5303 5304 5306 5308 5310 5311 5312 5314 5315 5316 5317 5318
5094 5091 5088 5085 5083 5081 5080 5079 5078 5078 5078 5078 5079 5080 5082 5084 5086 5088 5090 5093 5095 5098 5101 5105 5108 5112 5116 5120 5124 5129 5134 5139 5145 5150 5156 5162 5168 5174 5180 5187 5193 5199 5205 5211 5216 5222 5227 5232 5237 5241 5247 5251 5255 5259 5263 5266 5270 5273 5276 5279 5281 5284 5286 5289 5291 5293 5295 5295 5297 5299 5301 5303 5305 5307 5309 5310 5312 5313 5315 5316 5317 5318 5319 5320
5101 5097 5094 5091 5088 5086 5084 5083 5082 5082 5082 5082 5083 5084 5085 5087 5089 5091 5093 5095 5098 5101 5104 5107 5110 5114 5118 5122 5126 5131 5136 5141 5146 5152 5158 5164 5170 5176 5182 5188 5194 5200 5206 5212 5218 5223 5229 5234 5239 5244 5249 5253 5257 5261 5265 5268 5272 5275 5278 5281 5284 5286 5289 5291 5293 5295 5297 5299 5299 5301 5303 5305 5307 5309 5311 5313 5314 5316 5317 5319 5320 5321 5322 5323
5107 5103 5100 5096 5094 5091 5089 5088 5086 5086 5086 5086 5086 5087 5089 5090 5092 5094 5096 5098 5101 5104 5107 5110 5113 5117 5120 5124 5129 5133 5138 5143 5148 5154 5160 5165 5172 5178 5184 5190 5196 5202 5208 5214 5220 5225 5231 5236 5241 5246 5251 5255 5259 5263 5267 5271 5274 5277 5280 5283 5286 5288 5291 5293 5295 5297 5299 5302 5301 5304 5306 5308 5310 5311 5313 5315 5317 5318 5320 5321 5322 5323 5324 5325
5113 5109 5105 5102 5099 5096 5094 5092 5091 5090 5090 5090 5090 5091 5092 5094 5095 5097 5099 5102 5104 5107 5110 5113 5116 5119 5123 5127 5131 5136 5140 5145 5151 5156 5162 5168 5174 5180 5186 5192 5198 5204 5210 5216 5222 5227 5233 5238 5243 5248 5253 5257 5262 5265 5269 5273 5276 5279 5282 5285 5288 5290 5293 5295 5297 5299 5301 5304 5306 5306 5308 5310 5312 5314 5316 5317 5319 5321 5322 5323 5324 5326 5327 5328
5120 5115 5111 5108 5104 5101 5099 5097 5096 5095 5094 5094 5095 5095 5096 5098 5099 5101 5103 5105 5108 5110 5113 5116 5119 5123 5126 5130 5134 5139 5143 5148 5153 5159 5164 5170 5176 5182 5188 5194 5200 5207 5212 5218 5224 5230 5235 5240 5246 5250 5255 5259 5264 5268 5271 5275 5278 5281 5284 5287 5290 5292 5295 5297 5299 5301 5303 5305 5308 5310 5310 5312 5314 5316 5318 5320 5321 5323 5324 5326 5327 5328 5329 5330
5126 5122 5117 5113 5110 5107 5104 5102 5101 5100 5099 5099 5099 5100 5101 5102 5103 5105 5107 5109 5112 5114 5117 5120 5123 5126 5130 5133 5137 5142 5146 5151 5156 5162 5167 5173 5179 5185 5191 5197 5203 5209 5215 5221 5226 5232 5237 5242 5248 5253 5257 5262 5266 5270 5273 5277 5280 5283 5286 5289 5292 5294 5296 5299 5301 5303 5305 5307 5309 5311 5312 5314 5316 5318 5320 5322 5323 5325 5326 5328 5329 5330 5331 5332
5133 5128 5123 5119 5115 5112 5110 5107 5106 5105 5104 5104 5104 5104 5105 5106 5108 5109 5111 5113 5116 5118 5121 5124 5127 5130 5133 5137 5141 5145 5150 5154 5159 5165 5170 5176 5181 5187 5193 5199 5205 5211 5217 5223 5229 5234 5239 5244 5250 5255 5259 5264 5268 5272 5275 5279 5282 5285 5288 5291 5293 5296 5298 5300 5303 5305 5307 5309 5311 5313 5314 5316 5318 5320 5322 5324 5325 5327 5328 5330 5331 5332 5333 5334
5139 5134 5129 5125 5121 5118 5115 5113 5111 5110 5109 5109 5109 5109 5110 5111 5112 5114 5116 5118 5120 5122 5125 5128 5131 5134 5137 5141 5145 5149 5153 5158 5163 5168 5173 5179 5185 5190 5196 5202 5208 5214 5220 5225 5231 5236 5242 5247 5251 5257 5261 5266 5270 5274 5277 5281 5284 5287 5290 5292 5295 5297 5300 5302 5304 5306 5309 5311 5313 5315 5316 5318 5320 5322 5324 5326 5327 5329 5330 5332 5333 5334 5335 5336
5145 5140 5135 5131 5127 5124 5121 5118 5117 5115 5114 5114 5114 5114 5115 5116 5117 5119 5121 5123 5125 5127 5130 5132 5135 5138 5141 5145 5149 5153 5157 5162 5167 5172 5177 5182 5188 5194 5199 5205 5211 5217 5222 5228 5234 5239 5244 5249 5254 5258 5263 5268 5272 5275 5279 5282 5285 5288 5291 5294 5297 5299 5301 5304 5306 5308 5310 5312 5314 5316 5317 5319 5321 5323 5325 5327 5329 5331 5332 5334 5335 5336 5337 5338
5152 5147 5142 5137 5133 5130 5127 5124 5122 5121 5120 5119 5119 5120 5120 5121 5122 5124 5126 5128 5130 5132 5134 5137 5140 5143 5146 5149 5153 5157 5161 5166 5170 5175 5181 5186 5191 5197 5203 5208 5214 5220 5225 5231 5236 5241 5246 5251 5256 5260 5265 5269 5274 5277 5281 5284 5287 5290 5293 5295 5298 5300 5303 5305 5307 5309 5311 5313 5316 5318 5319 5321 5323 5325 5327 5329 5331 5332 5334 5335 5337 5338 5339 5340
5158 5153 5148 5143 5139 5136 5133 5130 5128 5127 5126 5125 5125 5125 5126 5127 5128 5129 5131 5133 5135 5137 5139 5142 5145 5148 5151 5154 5158 5162 5166 5170 5175 5179 5184 5190 5195 5200 5206 5212 5217 5223 5228 5233 5239 5244 5249 5253 5258 5262 5267 5271 5274 5279 5282 5286 5289 5292 5294 5297 5299 5302 5304 5306 5308 5310 5313 5315 5317 5319 5320 5322 5324 5327 5329 5330 5332 5334 5336 5337 5338 5340 5341 5342
5165 5159 5154 5150 5146 5142 5139 5136 5134 5133 5132 5131 5131 5131 5132 5132 5134 5135 5137 5138 5140 5143 5145 5147 5150 5153 5156 5159 5163 5166 5170 5175 5179 5184 5189 5194 5199 5204 5210 5215 5220 5226 5231 5236 5241 5246 5251 5256 5260 5265 5269 5273 5276 5280 5284 5287 5290 5293 5296 5298 5301 5303 5305 5307 5309 5312 5314 5316 5318 5320 5322 5324 5326 5328 5330 5332 5334 5335 5337 5339 5340 5341 5343 5344
