input/I57/I57_200yr24ha.asc
ncols        301
nrows        195
xllcorner    -92.313182000000
yllcorner    35.829066000000
cellsize     0.008333000000
NODATA_value -9
[rows 76 to 113 of 195, columns 168 to 251 of 301]
9528 9538 9547 9557 9566 9575 9584 9593 9602 9611 9620 9628 9637 9646 9654 9663 9672 9681 9689 9698 9707 9715 9724 9732 9740 9753 9761 9769 9776 9783 9791 9797 9804 9805 9811 9817 9822 9828 9833 9838 9843 9848 9853 9857 9861 9866 9870 9873 9877 9881 9884 9887 9890 9892 9895 9897 9899 9900 9896 9897 9898 9899 9899 9899 9899 9899 9898 9897 9896 9895 9894 9892 9891 9889 9887 9885 9882 9880 9877 9874 9871 9868 9864 9861
9533 9543 9552 9561 9571 9580 9589 9598 9607 9615 9624 9633 9641 9650 9659 9667 9676 9685 9693 9702 9711 9719 9727 9735 9748 9756 9764 9771 9778 9786 9792 9799 9805 9812 9812 9818 9823 9828 9833 9838 9843 9847 9852 9856 9860 9864 9867 9871 9874 9878 9881 9883 9886 9888 9890 9892 9893 9890 9891 9892 9892 9893 9893 9893 9892 9892 9891 9890 9889 9888 9886 9884 9883 9881 9878 9876 9874 9871 9868 9865 9862 9859 9856 9852
9537 9547 9556 9565 9575 9584 9593 9602 9611 9619 9628 9637 9645 9654 9663 9671 9680 9688 9697 9705 9714 9722 9730 9743 9750 9758 9766 9773 9780 9787 9794 9800 9806 9812 9818 9818 9823 9828 9833 9837 9842 9846 9850 9854 9858 9862 9865 9868 9871 9874 9877 9880 9882 9884 9885 9887 9888 9885 9885 9886 9886 9886 9886 9886 9885 9885 9884 9883 9881 9880 9878 9876 9874 9872 9870 9868 9865 9862 9860 9857 9854 9850 9847 9843
9540 9550 9559 9569 9578 9587 9596 9605 9614 9623 9632 9640 9649 9657 9666 9674 9683 9691 9700 9708 9717 9725 9737 9745 9753 9760 9768 9775 9782 9788 9795 9801 9807 9813 9818 9823 9828 9828 9832 9836 9841 9845 9848 9852 9856 9859 9862 9865 9868 9871 9873 9875 9877 9879 9880 9882 9882 9879 9880 9880 9880 9880 9879 9879 9878 9877 9876 9875 9873 9872 9870 9868 9866 9864 9862 9859 9857 9854 9851 9848 9845 9841 9838 9834
9543 9553 9562 9572 9581 9590 9599 9608 9617 9626 9634 9643 9652 9660 9669 9677 9686 9694 9702 9711 9719 9731 9739 9747 9754 9762 9769 9776 9783 9789 9795 9801 9807 9812 9818 9822 9827 9832 9831 9835 9839 9843 9846 9850 9853 9856 9859 9862 9864 9867 9869 9871 9872 9874 9875 9876 9877 9873 9874 9874 9873 9873 9872 9872 9871 9870 9868 9867 9865 9864 9862 9860 9858 9855 9853 9851 9848 9845 9842 9839 9836 9833 9829 9826
9545 9555 9565 9574 9583 9592 9601 9610 9619 9628 9637 9645 9654 9663 9671 9679 9688 9696 9704 9713 9725 9733 9740 9748 9756 9763 9770 9777 9783 9789 9795 9801 9807 9812 9817 9821 9826 9830 9834 9833 9837 9841 9844 9847 9850 9853 9856 9858 9860 9862 9864 9866 9867 9869 9869 9870 9870 9867 9867 9867 9867 9866 9865 9864 9863 9862 9861 9859 9857 9856 9854 9852 9849 9847 9845 9842 9840 9837 9834 9831 9828 9824 9821 9817
9547 9557 9566 9576 9585 9594 9603 9612 9621 9630 9639 9647 9656 9664 9673 9681 9689 9698 9706 9714 9726 9734 9741 9749 9756 9763 9770 9777 9783 9789 9795 9801 9806 9811 9816 9820 9824 9828 9832 9831 9835 9838 9841 9844 9847 9849 9852 9854 9856 9858 9860 9861 9862 9863 9864 9864 9864 9861 9861 9861 9860 9859 9858 9857 9856 9855 9853 9851 9850 9848 9846 9843 9841 9839 9837 9834 9831 9829 9826 9823 9819 9816 9813 9809
9548 9558 9568 9577 9586 9595 9604 9613 9622 9631 9640 9648 9657 9665 9674 9682 9690 9699 9707 9719 9727 9734 9742 9749 9756 9763 9770 9776 9783 9789 9794 9800 9805 9809 9814 9818 9822 9826 9830 9833 9832 9835 9838 9841 9843 9846 9848 9850 9852 9853 9855 9856 9857 9857 9858 9858 9858 9855 9855 9854 9853 9852 9851 9850 9849 9847 9845 9844 9842 9840 9838 9836 9833 9831 9829 9826 9823 9821 9818 9815 9811 9808 9805 9801
9549 9559 9568 9578 9587 9596 9605 9614 9623 9632 9641 9649 9658 9666 9675 9683 9691 9699 9711 9719 9727 9735 9742 9749 9756 9763 9769 9776 9782 9787 9793 9798 9803 9808 9812 9816 9820 9823 9827 9830 9829 9832 9835 9837 9840 9842 9844 9845 9847 9848 9849 9850 9851 9851 9851 9851 9851 9849 9848 9847 9846 9845 9844 9843 9841 9840 9838 9836 9834 9832 9830 9828 9826 9823 9821 9818 9816 9813 9810 9807 9804 9801 9797 9794
9549 9559 9569 9578 9587 9596 9605 9614 9623 9632 9641 9649 9658 9666 9675 9683 9691 9699 9711 9719 9727 9734 9742 9749 9756 9762 9768 9775 9780 9786 9791 9796 9801 9805 9810 9814 9817 9821 9824 9827 9826 9829 9831 9833 9836 9837 9839 9841 9842 9843 9844 9845 9845 9845 9845 9845 9844 9843 9842 9841 9840 9838 9837 9836 9834 9832 9831 9829 9827 9825 9823 9821 9819 9816 9814 9811 9809 9806 9803 9800 9797 9794 9790 9787
9553 9563 9572 9578 9587 9596 9605 9614 9623 9632 9641 9649 9658 9666 9675 9683 9691 9703 9711 9719 9726 9734 9741 9748 9754 9761 9767 9773 9779 9784 9789 9794 9799 9803 9807 9811 9814 9817 9820 9823 9822 9825 9827 9829 9831 9833 9835 9836 9837 9838 9839 9839 9839 9839 9839 9838 9838 9836 9835 9834 9833 9832 9830 9829 9827 9826 9824 9822 9820 9818 9816 9814 9812 9810 9807 9805 9802 9799 9797 9794 9791 9788 9784 9781
9553 9562 9572 9581 9590 9596 9605 9614 9623 9631 9640 9649 9657 9666 9674 9682 9690 9702 9710 9718 9725 9733 9740 9746 9753 9759 9765 9771 9777 9782 9787 9792 9796 9800 9804 9808 9811 9814 9817 9819 9819 9821 9823 9825 9827 9828 9830 9831 9832 9833 9833 9833 9833 9833 9833 9832 9831 9830 9829 9828 9827 9825 9824 9822 9821 9819 9817 9815 9814 9812 9810 9808 9806 9803 9801 9799 9796 9794 9791 9788 9785 9782 9779 9775
9552 9561 9571 9580 9589 9599 9604 9613 9621 9630 9639 9648 9656 9664 9673 9681 9689 9701 9709 9716 9724 9731 9738 9745 9751 9757 9763 9769 9774 9780 9784 9789 9793 9797 9801 9804 9807 9810 9813 9812 9815 9817 9819 9821 9822 9824 9825 9826 9827 9827 9827 9828 9827 9827 9826 9826 9825 9824 9823 9822 9820 9819 9817 9816 9814 9813 9811 9809 9807 9806 9804 9802 9800 9798 9795 9793 9791 9788 9785 9783 9780 9777 9774 9770
9550 9560 9569 9579 9588 9597 9602 9611 9620 9629 9637 9646 9655 9663 9671 9679 9692 9700 9707 9715 9722 9729 9736 9743 9749 9755 9761 9766 9772 9777 9781 9786 9790 9794 9797 9801 9804 9807 9806 9808 9811 9813 9815 9816 9818 9819 9820 9821 9821 9822 9822 9822 9821 9821 9820 9820 9819 9818 9817 9816 9814 9813 9811 9810 9808 9807 9805 9803 9802 9800 9798 9796 9794 9792 9790 9788 9786 9783 9781 9778 9775 9772 9769 9766
9548 9558 9567 9577 9586 9595 9604 9609 9618 9627 9635 9644 9653 9661 9669 9677 9690 9697 9705 9713 9720 9727 9734 9740 9746 9752 9758 9764 9769 9774 9778 9783 9787 9790 9794 9797 9796 9799 9802 9804 9806 9808 9810 9812 9813 9814 9815 9815 9816 9816 9816 9816 9816 9815 9814 9814 9813 9812 9811 9810 9808 9807 9805 9804 9802 9801 9799 9798 9796 9795 9793 9791 9790 9788 9786 9784 9781 9779 9777 9774 9771 9769 9766 9763
9546 9556 9565 9575 9584 9593 9602 9607 9616 9624 9633 9642 9650 9659 9667 9675 9683 9690 9698 9710 9717 9724 9731 9737 9743 9749 9755 9760 9765 9770 9775 9779 9783 9787 9790 9789 9792 9795 9798 9800 9802 9804 9805 9807 9808 9809 9810 9810 9811 9811 9811 9810 9810 9809 9809 9808 9807 9806 9805 9804 9803 9801 9800 9798 9797 9796 9794 9793 9791 9790 9789 9787 9785 9784 9782 9780 9778 9775 9773 9771 9768 9765 9763 9760
9543 9553 9562 9572 9581 9586 9595 9604 9613 9622 9630 9639 9647 9656 9664 9672 9680 9688 9695 9702 9709 9721 9728 9734 9740 9746 9752 9757 9762 9767 9771 9775 9779 9783 9782 9785 9788 9791 9793 9796 9797 9799 9801 9802 9803 9804 9805 9805 9805 9805 9805 9805 9804 9804 9804 9803 9802 9801 9800 9798 9797 9796 9795 9793 9792 9791 9789 9788 9787 9786 9784 9783 9781 9780 9778 9776 9774 9772 9770 9768 9765 9763 9760 9757
9540 9550 9559 9564 9573 9583 9592 9601 9610 9618 9627 9636 9644 9652 9661 9669 9677 9684 9692 9699 9706 9713 9719 9731 9737 9742 9748 9753 9758 9763 9767 9771 9771 9775 9778 9781 9784 9786 9789 9791 9793 9794 9796 9797 9798 9799 9799 9800 9800 9800 9800 9799 9799 9799 9798 9797 9796 9795 9794 9793 9792 9791 9789 9788 9787 9786 9785 9784 9783 9782 9780 9779 9778 9776 9775 9773 9771 9769 9767 9765 9763 9760 9758 9755
9537 9546 9551 9560 9570 9579 9588 9597 9606 9615 9623 9632 9641 9649 9657 9665 9673 9681 9688 9695 9702 9709 9716 9722 9728 9739 9744 9749 9754 9759 9759 9763 9767 9770 9774 9777 9779 9782 9784 9786 9788 9790 9791 9792 9793 9794 9794 9795 9795 9795 9794 9794 9794 9793 9793 9792 9791 9790 9789 9788 9787 9786 9785 9783 9782 9781 9781 9780 9779 9778 9777 9776 9775 9773 9772 9770 9769 9767 9765 9763 9761 9758 9756 9754
9533 9542 9547 9556 9566 9575 9584 9593 9602 9611 9619 9628 9636 9645 9653 9661 9669 9677 9684 9691 9698 9705 9712 9718 9724 9730 9735 9740 9745 9750 9754 9758 9762 9766 9769 9772 9775 9777 9779 9781 9783 9785 9786 9787 9788 9789 9789 9789 9789 9789 9789 9789 9789 9788 9787 9787 9786 9785 9784 9783 9782 9781 9780 9779 9778 9777 9776 9776 9775 9774 9773 9773 9772 9770 9769 9768 9766 9765 9763 9761 9759 9757 9755 9752
9528 9533 9543 9552 9561 9570 9579 9588 9597 9606 9615 9624 9632 9640 9649 9657 9664 9672 9680 9687 9694 9701 9707 9713 9719 9725 9730 9736 9741 9745 9750 9754 9757 9761 9764 9767 9770 9772 9774 9776 9778 9780 9781 9782 9783 9783 9784 9784 9784 9784 9784 9784 9783 9783 9782 9781 9781 9780 9779 9778 9777 9776 9775 9774 9774 9773 9772 9772 9771 9771 9770 9769 9769 9768 9767 9765 9764 9763 9761 9759 9757 9755 9753 9751
9523 9528 9538 9547 9556 9565 9574 9583 9592 9601 9610 9619 9627 9636 9644 9652 9660 9667 9675 9682 9689 9696 9702 9708 9714 9720 9726 9731 9736 9740 9745 9749 9752 9756 9759 9762 9765 9767 9769 9771 9773 9774 9776 9777 9778 9778 9779 9779 9779 9779 9779 9778 9778 9778 9777 9776 9776 9775 9774 9773 9772 9771 9771 9770 9769 9769 9769 9768 9768 9768 9767 9767 9766 9765 9764 9763 9762 9761 9759 9758 9756 9754 9752 9750
9518 9528 9532 9542 9551 9560 9569 9578 9587 9596 9605 9613 9622 9630 9639 9647 9654 9662 9670 9677 9684 9691 9697 9703 9709 9715 9721 9726 9731 9735 9740 9744 9747 9751 9754 9757 9760 9762 9764 9766 9768 9769 9771 9772 9772 9773 9773 9774 9773 9773 9773 9773 9773 9772 9772 9771 9770 9770 9769 9768 9767 9767 9766 9766 9765 9765 9765 9765 9764 9764 9764 9764 9763 9763 9762 9761 9760 9759 9757 9756 9754 9753 9751 9749
9512 9522 9526 9536 9545 9554 9563 9572 9581 9590 9599 9608 9616 9625 9633 9641 9649 9657 9664 9671 9678 9685 9692 9698 9704 9710 9715 9720 9725 9730 9734 9738 9742 9745 9749 9752 9754 9757 9759 9761 9762 9764 9765 9766 9767 9768 9767 9767 9768 9768 9768 9768 9767 9767 9767 9766 9765 9765 9764 9763 9763 9762 9762 9761 9761 9761 9761 9761 9761 9761 9761 9761 9760 9760 9759 9759 9758 9757 9756 9754 9753 9751 9749 9748
9506 9516 9520 9529 9539 9548 9557 9566 9575 9584 9593 9601 9610 9618 9627 9635 9643 9651 9658 9665 9672 9679 9686 9692 9698 9704 9709 9714 9719 9724 9728 9732 9736 9740 9743 9746 9749 9751 9753 9755 9757 9758 9760 9761 9762 9760 9761 9762 9762 9762 9762 9762 9762 9762 9761 9761 9760 9760 9759 9759 9758 9758 9757 9757 9757 9757 9757 9757 9757 9758 9758 9758 9757 9757 9757 9756 9755 9755 9754 9752 9751 9750 9748 9746
9499 9509 9513 9523 9532 9541 9550 9559 9568 9577 9586 9595 9603 9612 9620 9628 9636 9644 9652 9659 9666 9673 9679 9686 9692 9698 9703 9708 9713 9718 9722 9726 9730 9734 9737 9740 9743 9745 9748 9750 9751 9753 9754 9752 9754 9755 9755 9756 9757 9757 9757 9757 9757 9756 9756 9756 9755 9755 9754 9754 9753 9753 9753 9753 9753 9753 9753 9753 9754 9754 9754 9755 9755 9754 9754 9754 9753 9753 9752 9751 9749 9748 9747 9745
9492 9502 9506 9515 9524 9534 9543 9552 9561 9570 9579 9587 9596 9605 9613 9621 9629 9637 9645 9652 9659 9666 9673 9679 9685 9691 9697 9702 9707 9712 9716 9720 9724 9728 9731 9734 9737 9739 9742 9744 9745 9747 9745 9746 9748 9749 9750 9750 9751 9751 9751 9751 9751 9751 9751 9750 9750 9750 9749 9749 9748 9748 9748 9748 9748 9749 9749 9750 9750 9751 9751 9751 9752 9752 9752 9751 9751 9750 9750 9749 9748 9747 9745 9744
9484 9489 9498 9507 9517 9526 9535 9544 9553 9562 9571 9580 9588 9597 9605 9614 9622 9630 9637 9645 9652 9659 9666 9672 9678 9684 9690 9695 9700 9705 9709 9713 9717 9721 9724 9727 9730 9733 9735 9737 9735 9737 9739 9740 9742 9743 9744 9744 9745 9745 9745 9746 9746 9745 9745 9745 9745 9744 9744 9744 9744 9744 9744 9744 9744 9744 9745 9746 9746 9747 9748 9748 9748 9749 9749 9749 9748 9748 9747 9747 9746 9745 9744 9742
9476 9481 9490 9499 9508 9517 9527 9536 9545 9554 9563 9571 9580 9589 9597 9606 9614 9622 9629 9637 9644 9651 9658 9664 9671 9676 9682 9688 9693 9697 9702 9706 9710 9714 9717 9721 9724 9726 9724 9726 9728 9730 9732 9734 9735 9736 9737 9738 9739 9739 9740 9740 9740 9740 9740 9739 9739 9739 9739 9739 9739 9739 9739 9739 9740 9740 9741 9742 9743 9743 9744 9745 9745 9746 9746 9746 9746 9746 9745 9745 9744 9743 9742 9741
9467 9472 9481 9490 9499 9509 9518 9527 9536 9545 9554 9563 9571 9580 9589 9597 9605 9613 9621 9629 9636 9643 9650 9656 9663 9669 9674 9680 9685 9690 9694 9699 9703 9707 9710 9713 9716 9714 9717 9719 9721 9724 9725 9727 9728 9730 9731 9732 9732 9733 9733 9734 9734 9734 9734 9734 9734 9734 9733 9733 9734 9734 9734 9734 9735 9736 9737 9738 9739 9740 9741 9741 9742 9743 9743 9743 9743 9743 9743 9743 9742 9741 9740 9739
9454 9463 9472 9481 9490 9499 9508 9517 9526 9535 9544 9553 9562 9571 9579 9588 9596 9604 9612 9620 9627 9634 9641 9648 9654 9660 9666 9671 9677 9682 9686 9691 9695 9699 9702 9700 9703 9706 9709 9712 9714 9716 9718 9720 9721 9723 9724 9725 9726 9726 9727 9727 9728 9728 9728 9728 9728 9728 9728 9728 9728 9729 9729 9730 9730 9731 9732 9734 9735 9736 9737 9738 9739 9740 9740 9741 9741 9741 9741 9740 9740 9739 9739 9738
9444 9453 9462 9471 9480 9489 9498 9507 9516 9525 9534 9543 9552 9561 9570 9578 9586 9595 9602 9610 9618 9625 9632 9638 9645 9651 9657 9663 9668 9673 9678 9682 9687 9684 9688 9692 9695 9698 9701 9704 9706 9709 9711 9713 9714 9716 9717 9718 9719 9720 9720 9721 9721 9721 9722 9722 9722 9722 9722 9723 9723 9723 9724 9725 9726 9727 9728 9729 9731 9732 9733 9734 9735 9736 9737 9738 9738 9738 9738 9738 9738 9737 9737 9736
9434 9443 9452 9461 9470 9479 9488 9497 9506 9515 9524 9533 9542 9551 9559 9568 9576 9584 9592 9600 9608 9615 9622 9629 9635 9641 9647 9653 9659 9664 9669 9667 9671 9675 9679 9683 9686 9690 9693 9696 9698 9701 9703 9705 9707 9708 9710 9711 9712 9713 9713 9714 9714 9715 9715 9716 9716 9716 9716 9717 9717 9718 9719 9720 9721 9722 9723 9725 9726 9728 9729 9731 9732 9733 9734 9735 9735 9736 9736 9736 9736 9735 9735 9734
9423 9432 9441 9450 9459 9468 9477 9486 9495 9504 9513 9522 9531 9540 9548 9557 9565 9574 9582 9589 9597 9604 9612 9618 9625 9631 9637 9643 9642 9647 9652 9657 9662 9666 9670 9674 9677 9681 9684 9687 9690 9692 9695 9697 9699 9700 9702 9703 9704 9705 9706 9707 9707 9708 9709 9709 9709 9710 9710 9711 9712 9712 9713 9714 9716 9717 9719 9720 9722 9724 9725 9727 9728 9730 9731 9732 9732 9733 9733 9734 9733 9733 9733 9732
9411 9420 9429 9438 9447 9456 9465 9474 9483 9492 9501 9510 9519 9528 9537 9545 9554 9562 9570 9578 9586 9593 9601 9607 9614 9614 9620 9626 9631 9637 9642 9647 9651 9656 9660 9664 9668 9671 9675 9678 9681 9683 9686 9688 9690 9692 9694 9695 9696 9698 9699 9699 9700 9701 9701 9702 9703 9703 9704 9705 9706 9707 9708 9709 9710 9712 9714 9716 9717 9719 9721 9723 9725 9726 9727 9729 9729 9730 9731 9731 9731 9731 9731 9730
9400 9408 9417 9426 9435 9444 9453 9462 9471 9480 9489 9498 9507 9516 9525 9533 9542 9550 9558 9566 9574 9582 9589 9596 9596 9602 9609 9615 9620 9626 9631 9636 9641 9645 9650 9654 9658 9661 9665 9668 9671 9674 9677 9679 9681 9683 9685 9687 9688 9689 9691 9692 9692 9693 9694 9695 9696 9696 9697 9698 9699 9700 9702 9703 9705 9707 9709 9711 9713 9715 9717 9719 9721 9722 9724 9725 9726 9727 9728 9729 9729 9729 9729 9728
9387 9396 9405 9413 9422 9431 9440 9449 9458 9467 9476 9485 9494 9503 9512 9521 9529 9538 9546 9554 9562 9569 9570 9577 9584 9590 9597 9603 9609 9614 9620 9625 9630 9634 9639 9643 9647 9651 9655 9658 9661 9664 9667 9669 9672 9674 9676 9678 9679 9681 9682 9683 9684 9685 9686 9687 9688 9689 9690 9691 9693 9694 9696 9697 9699 9701 9703 9705 9708 9710 9712 9715 9717 9719 9720 9722 9723 9724 9725 9726 9726 9727 9727 9727
9374 9383 9391 9400 9409 9418 9427 9436 9445 9454 9463 9472 9481 9490 9499 9507 9516 9525 9533 9541 9549 9550 9557 9565 9571 9578 9584 9591 9597 9602 9608 9613 9618 9623 9628 9632 9636 9640 9644 9647 9651 9654 9657 9660 9662 9664 9666 9668 9670 9672 9673 9675 9676 9677 9678 9679 9681 9682 9683 9684 9686 9687 9689 9691 9693 9695 9698 9700 9703 9705 9708 9710 9712 9715 9717 9718 9720 9721 9722 9723 9724 9724 9725 9725
