input/I57/I57_005yr24ha.asc
ncols        301
nrows        195
xllcorner    -92.313182000000
yllcorner    35.829066000000
cellsize     0.008333000000
NODATA_value -9
[rows 152 to 189 of 195, columns 84 to 167 of 301]
4803 4802 4801 4799 4798 4796 4794 4793 4791 4790 4788 4787 4785 4784 4782 4781 4779 4778 4776 4775 4773 4772 4770 4769 4767 4765 4763 4761 4759 4757 4754 4752 4749 4746 4743 4740 4736 4733 4729 4726 4722 4718 4715 4711 4707 4703 4699 4696 4692 4688 4685 4681 4678 4675 4672 4669 4666 4663 4660 4658 4655 4653 4651 4649 4647 4645 4643 4645 4643 4642 4641 4639 4638 4637 4636 4635 4634 4633 4632 4631 4630 4630 4629 4629
4805 4804 4802 4801 4799 4798 4796 4795 4793 4792 4790 4789 4787 4786 4784 4783 4781 4780 4778 4777 4776 4774 4772 4771 4769 4767 4765 4763 4761 4759 4756 4754 4751 4748 4745 4742 4739 4735 4732 4728 4725 4721 4717 4714 4710 4706 4702 4699 4695 4692 4688 4685 4681 4678 4675 4672 4669 4667 4664 4661 4659 4657 4655 4653 4651 4649 4647 4648 4647 4645 4644 4642 4641 4640 4639 4638 4637 4636 4635 4634 4633 4632 4632 4631
4806 4805 4803 4802 4801 4799 4798 4796 4795 4793 4792 4790 4789 4787 4786 4784 4783 4782 4780 4779 4777 4776 4774 4773 4771 4769 4767 4765 4763 4761 4758 4756 4753 4750 4747 4744 4741 4738 4734 4731 4727 4724 4720 4717 4713 4709 4706 4702 4699 4695 4692 4688 4685 4682 4679 4676 4673 4671 4668 4665 4663 4661 4659 4657 4655 4653 4654 4652 4651 4649 4647 4646 4645 4643 4642 4641 4640 4639 4638 4637 4636 4635 4634 4634
4807 4806 4804 4803 4802 4800 4799 4797 4796 4794 4793 4791 4790 4789 4787 4786 4784 4783 4782 4780 4779 4777 4776 4774 4772 4771 4769 4767 4765 4762 4760 4758 4755 4752 4750 4747 4743 4740 4737 4734 4730 4727 4723 4720 4716 4713 4709 4706 4702 4699 4696 4692 4689 4686 4683 4680 4677 4675 4672 4670 4667 4665 4663 4661 4659 4657 4658 4656 4654 4653 4651 4650 4648 4647 4646 4644 4643 4642 4641 4640 4639 4638 4637 4636
4807 4806 4805 4804 4802 4801 4799 4798 4797 4795 4794 4792 4791 4790 4788 4787 4785 4784 4783 4781 4780 4778 4777 4775 4774 4772 4770 4768 4766 4764 4762 4759 4757 4754 4751 4749 4746 4742 4739 4736 4733 4729 4726 4723 4719 4716 4713 4709 4706 4703 4700 4696 4693 4690 4687 4685 4682 4679 4677 4674 4672 4670 4667 4665 4663 4664 4662 4660 4659 4657 4655 4654 4652 4651 4649 4648 4646 4645 4644 4643 4642 4641 4640 4639
4808 4807 4805 4804 4803 4801 4800 4798 4797 4796 4794 4793 4792 4790 4789 4787 4786 4785 4783 4782 4781 4779 4778 4776 4775 4773 4771 4769 4767 4765 4763 4761 4759 4756 4753 4751 4748 4745 4742 4739 4735 4732 4729 4726 4723 4719 4716 4713 4710 4707 4704 4701 4698 4695 4692 4689 4687 4684 4681 4679 4677 4674 4672 4670 4668 4669 4667 4665 4663 4661 4660 4658 4656 4655 4653 4652 4650 4649 4647 4646 4645 4644 4643 4641
4808 4807 4805 4804 4803 4801 4800 4799 4797 4796 4795 4793 4792 4791 4789 4788 4787 4785 4784 4783 4781 4780 4778 4777 4775 4774 4772 4770 4768 4767 4764 4762 4760 4758 4755 4752 4750 4747 4744 4741 4738 4735 4732 4729 4726 4723 4720 4717 4714 4711 4708 4705 4702 4700 4697 4694 4691 4689 4686 4684 4682 4679 4677 4675 4675 4673 4671 4669 4668 4666 4664 4662 4661 4659 4657 4656 4654 4653 4651 4650 4648 4647 4646 4644
4808 4806 4805 4804 4803 4801 4800 4799 4797 4796 4795 4793 4792 4791 4789 4788 4787 4786 4784 4783 4782 4780 4779 4778 4776 4774 4773 4771 4769 4768 4766 4764 4761 4759 4757 4754 4752 4749 4746 4744 4741 4738 4735 4732 4730 4727 4724 4721 4718 4715 4713 4710 4707 4704 4702 4699 4696 4694 4691 4689 4687 4684 4682 4680 4680 4678 4676 4674 4672 4670 4669 4667 4665 4663 4661 4660 4658 4656 4655 4653 4652 4650 4649 4647
4807 4806 4805 4803 4802 4801 4800 4798 4797 4796 4794 4793 4792 4791 4789 4788 4787 4786 4784 4783 4782 4781 4779 4778 4776 4775 4773 4772 4770 4768 4767 4765 4763 4761 4758 4756 4754 4751 4749 4746 4744 4741 4738 4736 4733 4731 4728 4725 4722 4720 4717 4715 4712 4709 4707 4704 4702 4699 4697 4694 4692 4690 4688 4687 4685 4683 4681 4679 4677 4675 4673 4671 4669 4668 4666 4664 4662 4660 4659 4657 4655 4653 4652 4650
4807 4805 4804 4803 4802 4800 4799 4798 4796 4795 4794 4793 4791 4790 4789 4788 4787 4785 4784 4783 4782 4781 4779 4778 4777 4775 4774 4772 4771 4769 4767 4766 4764 4762 4760 4758 4756 4753 4751 4749 4746 4744 4742 4739 4737 4734 4732 4729 4727 4724 4722 4719 4717 4714 4712 4709 4707 4705 4702 4700 4698 4695 4694 4692 4690 4688 4686 4684 4682 4680 4678 4676 4674 4672 4670 4668 4666 4664 4662 4661 4659 4657 4655 4653
4806 4805 4803 4802 4801 4800 4798 4797 4796 4795 4793 4792 4791 4790 4789 4787 4786 4785 4784 4783 4782 4781 4779 4778 4777 4776 4774 4773 4771 4770 4768 4767 4765 4763 4761 4760 4758 4756 4753 4751 4749 4747 4745 4743 4740 4738 4736 4733 4731 4729 4726 4724 4722 4719 4717 4715 4712 4710 4708 4705 4704 4702 4700 4697 4695 4693 4691 4689 4687 4685 4683 4681 4679 4677 4675 4672 4670 4668 4666 4664 4662 4660 4658 4656
4805 4804 4803 4801 4800 4799 4798 4796 4795 4794 4793 4792 4790 4789 4788 4787 4786 4785 4784 4783 4781 4780 4779 4778 4777 4776 4775 4773 4772 4771 4769 4768 4766 4765 4763 4761 4759 4758 4756 4754 4752 4750 4748 4746 4744 4742 4740 4738 4736 4733 4731 4729 4727 4725 4722 4720 4718 4715 4713 4711 4709 4707 4705 4703 4700 4698 4696 4694 4692 4690 4688 4685 4683 4681 4679 4677 4675 4672 4670 4668 4666 4663 4661 4659
4804 4803 4802 4801 4799 4798 4797 4795 4794 4793 4792 4791 4790 4788 4787 4786 4785 4784 4783 4782 4781 4780 4779 4778 4777 4776 4775 4774 4772 4771 4770 4769 4767 4766 4764 4763 4761 4760 4758 4756 4755 4753 4751 4749 4748 4746 4744 4742 4740 4738 4736 4734 4732 4730 4727 4725 4723 4721 4719 4717 4714 4712 4710 4708 4706 4703 4701 4699 4697 4695 4692 4690 4688 4686 4683 4681 4679 4676 4674 4672 4669 4667 4664 4662
4803 4802 4801 4800 4798 4797 4796 4795 4793 4792 4791 4790 4789 4788 4787 4786 4785 4784 4783 4782 4781 4780 4779 4778 4777 4776 4775 4774 4773 4772 4771 4770 4768 4767 4766 4765 4763 4762 4760 4759 4757 4756 4754 4753 4751 4749 4748 4746 4744 4742 4740 4739 4737 4735 4733 4730 4728 4726 4724 4722 4719 4717 4715 4713 4711 4708 4706 4704 4702 4699 4697 4695 4693 4690 4688 4685 4683 4680 4678 4675 4673 4670 4667 4665
4803 4801 4800 4799 4797 4796 4795 4794 4792 4791 4790 4789 4788 4787 4786 4785 4784 4783 4782 4781 4780 4780 4778 4777 4776 4775 4775 4774 4773 4772 4771 4770 4769 4768 4767 4766 4765 4764 4763 4761 4760 4759 4757 4756 4755 4753 4752 4750 4748 4747 4745 4743 4741 4740 4738 4736 4734 4731 4729 4727 4724 4722 4720 4718 4716 4713 4711 4709 4707 4704 4702 4699 4697 4695 4692 4690 4687 4684 4682 4679 4676 4673 4671 4668
4802 4800 4799 4798 4796 4795 4794 4793 4791 4790 4789 4788 4787 4786 4785 4784 4783 4782 4782 4781 4780 4779 4778 4777 4776 4775 4774 4775 4774 4773 4772 4771 4771 4770 4769 4768 4767 4766 4765 4764 4763 4761 4760 4759 4758 4757 4755 4754 4752 4751 4749 4748 4746 4744 4743 4741 4739 4736 4734 4731 4729 4727 4725 4723 4720 4718 4716 4714 4711 4709 4706 4704 4701 4699 4696 4694 4691 4688 4685 4682 4679 4676 4673 4670
4801 4800 4798 4797 4795 4794 4793 4792 4790 4789 4788 4787 4786 4785 4784 4783 4783 4782 4781 4780 4780 4779 4777 4777 4776 4775 4775 4775 4774 4774 4773 4772 4772 4771 4770 4769 4769 4768 4767 4766 4765 4764 4763 4762 4761 4760 4759 4758 4756 4755 4754 4752 4751 4749 4747 4745 4744 4740 4738 4736 4734 4732 4730 4727 4725 4723 4720 4718 4716 4713 4711 4708 4706 4703 4700 4698 4695 4692 4689 4686 4683 4680 4676 4673
4800 4799 4797 4796 4794 4793 4792 4790 4789 4788 4787 4786 4785 4784 4783 4782 4782 4781 4780 4780 4779 4779 4777 4777 4776 4776 4775 4775 4775 4774 4774 4773 4773 4772 4772 4771 4770 4770 4769 4768 4768 4767 4766 4765 4764 4763 4762 4761 4760 4759 4758 4756 4755 4753 4752 4750 4747 4745 4743 4741 4739 4736 4734 4732 4730 4727 4725 4723 4720 4718 4715 4712 4710 4707 4704 4701 4698 4695 4692 4689 4686 4682 4679 4676
4799 4798 4796 4795 4793 4792 4791 4789 4788 4787 4786 4785 4784 4783 4782 4782 4781 4780 4780 4779 4779 4778 4777 4777 4777 4776 4776 4776 4775 4775 4775 4774 4774 4773 4773 4773 4772 4772 4771 4771 4770 4769 4769 4768 4767 4767 4766 4765 4764 4763 4762 4760 4759 4758 4756 4754 4751 4749 4747 4745 4743 4741 4738 4736 4734 4732 4729 4727 4724 4722 4719 4716 4714 4711 4708 4705 4702 4699 4695 4692 4689 4685 4682 4678
4798 4797 4795 4794 4792 4791 4789 4788 4787 4786 4785 4784 4783 4782 4781 4781 4780 4780 4779 4779 4778 4778 4777 4777 4777 4776 4776 4776 4776 4776 4775 4775 4775 4775 4774 4774 4774 4773 4773 4773 4772 4772 4771 4771 4770 4770 4769 4768 4767 4766 4765 4764 4763 4762 4760 4759 4755 4753 4751 4749 4747 4745 4743 4740 4738 4736 4733 4731 4728 4726 4723 4720 4717 4714 4711 4708 4705 4702 4699 4695 4692 4688 4684 4680
4797 4795 4794 4792 4791 4789 4788 4787 4785 4784 4783 4782 4782 4781 4780 4780 4779 4779 4778 4778 4778 4778 4777 4777 4777 4777 4777 4777 4776 4776 4776 4776 4776 4776 4776 4776 4775 4775 4775 4775 4774 4774 4774 4773 4773 4772 4772 4771 4770 4770 4769 4768 4767 4765 4764 4763 4759 4757 4755 4753 4751 4749 4747 4744 4742 4740 4737 4735 4732 4729 4727 4724 4721 4718 4715 4712 4708 4705 4702 4698 4694 4690 4687 4683
4796 4794 4792 4791 4789 4788 4786 4785 4784 4783 4782 4781 4780 4780 4779 4778 4778 4778 4777 4777 4778 4777 4777 4777 4777 4777 4777 4777 4777 4777 4777 4777 4777 4777 4777 4777 4777 4777 4777 4777 4777 4776 4776 4776 4776 4775 4775 4774 4774 4773 4772 4771 4770 4769 4768 4766 4762 4760 4759 4757 4755 4752 4750 4748 4746 4743 4741 4738 4736 4733 4730 4727 4724 4721 4718 4715 4711 4708 4704 4701 4697 4693 4689 4685
4794 4793 4791 4789 4788 4786 4785 4784 4782 4781 4780 4780 4779 4778 4778 4777 4777 4777 4777 4777 4777 4777 4777 4777 4777 4777 4778 4778 4778 4777 4778 4778 4778 4778 4778 4778 4779 4779 4779 4779 4779 4779 4778 4778 4778 4778 4777 4777 4776 4776 4775 4774 4773 4772 4771 4767 4765 4764 4762 4760 4758 4756 4754 4751 4749 4747 4744 4741 4739 4736 4733 4730 4727 4724 4721 4718 4714 4711 4707 4703 4699 4695 4691 4687
4792 4791 4789 4787 4786 4784 4783 4782 4781 4780 4779 4778 4777 4777 4776 4776 4776 4776 4775 4777 4777 4777 4777 4777 4777 4778 4778 4778 4779 4778 4778 4779 4779 4779 4779 4780 4780 4780 4780 4780 4780 4781 4781 4780 4780 4780 4780 4780 4779 4779 4778 4777 4776 4775 4774 4770 4768 4767 4765 4763 4761 4759 4757 4755 4752 4750 4747 4745 4742 4739 4736 4733 4730 4727 4724 4720 4717 4713 4709 4705 4701 4697 4693 4689
4791 4789 4787 4786 4784 4782 4781 4780 4779 4778 4777 4776 4775 4775 4775 4774 4774 4774 4776 4776 4776 4776 4777 4777 4777 4778 4778 4779 4779 4779 4779 4779 4780 4780 4781 4781 4781 4782 4782 4782 4782 4782 4782 4782 4782 4782 4782 4782 4782 4781 4781 4780 4779 4778 4774 4773 4771 4770 4768 4766 4764 4762 4760 4757 4755 4753 4750 4747 4745 4742 4739 4736 4733 4730 4726 4723 4719 4716 4712 4708 4703 4699 4695 4690
4789 4787 4785 4783 4782 4780 4779 4778 4777 4776 4775 4774 4774 4773 4773 4773 4773 4773 4774 4775 4775 4776 4776 4777 4777 4778 4778 4779 4778 4779 4780 4780 4781 4781 4782 4782 4783 4783 4783 4784 4784 4784 4784 4784 4784 4784 4784 4784 4784 4783 4783 4782 4782 4778 4777 4775 4774 4772 4771 4769 4767 4765 4762 4760 4758 4755 4753 4750 4747 4745 4742 4739 4735 4732 4729 4725 4722 4718 4714 4710 4705 4701 4697 4692
4786 4785 4783 4781 4780 4778 4777 4775 4774 4773 4773 4772 4772 4771 4771 4771 4771 4771 4772 4774 4774 4775 4776 4776 4777 4778 4779 4778 4778 4779 4780 4781 4781 4782 4783 4783 4784 4784 4785 4785 4785 4786 4786 4786 4786 4786 4786 4786 4786 4786 4782 4782 4781 4780 4779 4778 4776 4775 4773 4771 4769 4767 4765 4763 4760 4758 4755 4753 4750 4747 4744 4741 4738 4735 4731 4727 4724 4720 4716 4712 4707 4703 4698 4693
4784 4782 4780 4779 4777 4776 4774 4773 4772 4771 4770 4770 4769 4769 4769 4769 4769 4770 4770 4773 4773 4774 4775 4776 4777 4778 4777 4778 4779 4779 4780 4781 4782 4783 4783 4784 4785 4785 4786 4786 4787 4787 4787 4788 4788 4788 4788 4785 4785 4785 4784 4783 4783 4782 4781 4780 4778 4777 4775 4773 4771 4769 4767 4765 4763 4760 4758 4755 4752 4749 4746 4743 4740 4737 4733 4730 4726 4722 4718 4713 4709 4705 4700 4695
4782 4780 4778 4776 4775 4773 4772 4771 4770 4769 4768 4768 4767 4767 4767 4767 4768 4768 4769 4770 4772 4773 4774 4773 4774 4775 4776 4778 4779 4780 4781 4782 4782 4783 4784 4785 4786 4786 4787 4787 4788 4788 4789 4789 4789 4787 4787 4787 4786 4786 4786 4785 4785 4784 4783 4782 4780 4779 4777 4775 4773 4771 4769 4767 4765 4762 4760 4757 4754 4752 4749 4745 4742 4739 4735 4732 4728 4724 4720 4715 4711 4706 4701 4697
4779 4777 4776 4774 4772 4771 4769 4768 4767 4766 4766 4765 4765 4765 4765 4765 4766 4767 4767 4768 4769 4770 4771 4772 4774 4775 4776 4777 4778 4780 4781 4782 4783 4784 4785 4786 4786 4787 4788 4788 4789 4790 4790 4788 4788 4788 4788 4788 4788 4788 4787 4787 4786 4785 4785 4783 4782 4781 4779 4777 4775 4773 4771 4769 4767 4764 4762 4759 4756 4754 4751 4747 4744 4741 4737 4734 4730 4726 4721 4717 4712 4708 4703 4698
4777 4775 4773 4772 4770 4768 4767 4766 4765 4764 4764 4763 4763 4763 4763 4764 4764 4765 4766 4767 4768 4769 4770 4772 4773 4774 4776 4777 4778 4780 4781 4782 4783 4784 4785 4786 4787 4788 4789 4789 4790 4791 4789 4789 4789 4789 4789 4789 4789 4789 4789 4788 4788 4787 4786 4785 4784 4782 4781 4779 4777 4775 4773 4771 4769 4766 4764 4761 4758 4755 4752 4749 4746 4743 4739 4735 4731 4727 4723 4719 4714 4709 4705 4699
4775 4773 4771 4769 4768 4766 4765 4764 4763 4762 4761 4761 4761 4761 4761 4762 4763 4763 4764 4765 4767 4768 4769 4771 4772 4774 4775 4777 4778 4779 4781 4782 4783 4784 4786 4787 4788 4788 4789 4790 4791 4789 4790 4790 4790 4790 4790 4790 4790 4790 4790 4790 4789 4788 4788 4787 4785 4784 4782 4781 4779 4777 4775 4773 4770 4768 4766 4763 4760 4757 4754 4751 4748 4745 4741 4737 4733 4729 4725 4720 4716 4711 4706 4701
4773 4771 4769 4768 4766 4764 4763 4762 4761 4760 4760 4759 4759 4759 4760 4760 4761 4762 4763 4764 4766 4767 4768 4770 4772 4773 4775 4776 4778 4779 4781 4782 4783 4785 4786 4787 4788 4789 4790 4791 4789 4790 4790 4791 4791 4791 4791 4791 4791 4791 4791 4791 4790 4790 4789 4788 4787 4785 4784 4782 4780 4778 4776 4774 4772 4770 4767 4765 4762 4759 4756 4753 4750 4746 4743 4739 4735 4731 4727 4722 4718 4713 4708 4703
4771 4769 4767 4766 4764 4763 4761 4760 4759 4758 4758 4758 4757 4758 4758 4759 4759 4761 4762 4765 4767 4766 4767 4769 4771 4772 4774 4776 4777 4779 4781 4782 4783 4785 4786 4787 4788 4789 4790 4791 4790 4790 4791 4791 4792 4792 4792 4792 4792 4792 4792 4792 4791 4791 4790 4789 4788 4787 4785 4784 4782 4780 4778 4776 4774 4771 4769 4766 4764 4761 4758 4755 4752 4748 4745 4741 4737 4733 4728 4724 4719 4714 4709 4704
4770 4768 4766 4764 4762 4760 4760 4759 4758 4757 4756 4756 4756 4756 4757 4758 4760 4761 4762 4764 4766 4767 4769 4768 4770 4772 4774 4775 4777 4779 4780 4782 4783 4785 4786 4787 4788 4790 4791 4792 4790 4791 4791 4792 4792 4793 4793 4793 4793 4793 4793 4793 4792 4792 4791 4790 4789 4788 4786 4785 4783 4781 4779 4777 4775 4773 4771 4768 4765 4763 4760 4757 4753 4750 4747 4743 4739 4735 4730 4726 4721 4716 4711 4706
4769 4766 4764 4762 4760 4759 4757 4756 4755 4755 4754 4754 4755 4755 4756 4757 4758 4760 4761 4763 4765 4766 4768 4770 4769 4771 4773 4775 4777 4778 4780 4782 4783 4785 4786 4787 4789 4790 4791 4792 4790 4791 4792 4792 4793 4793 4793 4794 4794 4794 4794 4793 4793 4793 4792 4791 4790 4789 4788 4786 4784 4783 4781 4779 4777 4774 4772 4770 4767 4764 4762 4758 4755 4752 4748 4745 4741 4737 4732 4728 4723 4718 4713 4708
4768 4766 4763 4761 4759 4758 4756 4755 4754 4753 4753 4753 4753 4754 4755 4756 4757 4758 4760 4762 4763 4765 4767 4769 4771 4770 4772 4774 4776 4778 4779 4781 4783 4784 4786 4787 4788 4790 4791 4792 4790 4791 4792 4792 4793 4793 4794 4794 4794 4794 4794 4794 4794 4793 4793 4792 4791 4790 4789 4787 4785 4784 4782 4780 4778 4776 4774 4771 4769 4766 4763 4760 4757 4754 4750 4746 4743 4738 4734 4729 4725 4720 4715 4709
4767 4765 4763 4760 4758 4757 4755 4754 4753 4752 4752 4752 4752 4753 4754 4755 4756 4757 4759 4761 4762 4764 4766 4768 4770 4772 4771 4773 4775 4777 4779 4781 4782 4784 4785 4787 4788 4789 4791 4789 4790 4791 4792 4792 4793 4793 4794 4794 4794 4795 4795 4795 4794 4794 4793 4793 4792 4791 4789 4788 4786 4785 4783 4781 4779 4777 4775 4773 4770 4768 4765 4762 4759 4756 4752 4748 4744 4740 4736 4731 4727 4722 4716 4711
